 NUMERO DE PATAMARES
 XX
  3
ANO   DURACAO MENSAL DOS PATAMARES DE CARGA
      JAN     FEV     MAR     ABR     MAI     JUN     JUL     AGO     SET     OUT     NOV     DEZ   
      X.XXXX  X.XXXX  X.XXXX  X.XXXX  X.XXXX  X.XXXX  X.XXXX  X.XXXX  X.XXXX  X.XXXX  X.XXXX  X.XXXX
2023  0.2661  0.2545  0.2782  0.2000  0.2070  0.2042  0.1976  0.2164  0.2222  0.2258  0.2500  0.2419
      0.2675  0.2649  0.2702  0.2667  0.3145  0.3125  0.3078  0.3212  0.2778  0.2796  0.2639  0.2621
      0.4664  0.4806  0.4516  0.5333  0.4785  0.4833  0.4946  0.4624  0.5000  0.4946  0.4861  0.4960
2024  0.2661  0.2586  0.2419  0.2444  0.1976  0.1944  0.2164  0.2070  0.2333  0.2473  0.2500  0.2540
      0.2675  0.2658  0.2621  0.2889  0.3078  0.3056  0.3212  0.3145  0.2833  0.2903  0.2639  0.2648
      0.4664  0.4756  0.4960  0.4667  0.4946  0.5000  0.4624  0.4785  0.4834  0.4624  0.4861  0.4812
2025  0.2661  0.2679  0.2419  0.2222  0.1976  0.1944  0.2164  0.1976  0.2444  0.2473  0.2500  0.2661
      0.2675  0.2679  0.2621  0.2778  0.3078  0.3056  0.3212  0.3078  0.2889  0.2903  0.2639  0.2675
      0.4664  0.4642  0.4960  0.5000  0.4946  0.5000  0.4624  0.4946  0.4667  0.4624  0.4861  0.4664
2026  0.2540  0.2545  0.2661  0.2222  0.1882  0.2042  0.2164  0.1976  0.2333  0.2258  0.2500  0.2661
      0.2648  0.2649  0.2675  0.2778  0.3011  0.3125  0.3212  0.3078  0.2833  0.2796  0.2639  0.2675
      0.4812  0.4806  0.4664  0.5000  0.5107  0.4833  0.4624  0.4946  0.4834  0.4946  0.4861  0.4664
2027  0.2419  0.2545  0.2661  0.2333  0.1882  0.2139  0.2070  0.2070  0.2333  0.2151  0.2500  0.2782
      0.2621  0.2649  0.2675  0.2833  0.3011  0.3194  0.3145  0.3145  0.2833  0.2742  0.2639  0.2702
      0.4960  0.4806  0.4664  0.4834  0.5107  0.4667  0.4785  0.4785  0.4834  0.5107  0.4861  0.4516
 SUBSISTEMA
 XXX
    ANO                       CARGA(P.U.DEMANDA MED.)
   XXXX X.XXXX X.XXXX X.XXXX X.XXXX X.XXXX X.XXXX X.XXXX X.XXXX X.XXXX X.XXXX X.XXXX X.XXXX
   1
   2023 1.1281 1.1217 1.1118 1.1405 1.1327 1.1395 1.1492 1.1337 1.1276 1.1309 1.1430 1.1300
        1.0755 1.0759 1.0692 1.0971 1.0913 1.0917 1.0967 1.0950 1.0961 1.0997 1.0881 1.0792
        0.8836 0.8937 0.8898 0.8988 0.8826 0.8818 0.8802 0.8714 0.8899 0.8839 0.8786 0.8947
   2024 1.1274 1.1198 1.1209 1.1206 1.1345 1.1473 1.1431 1.1369 1.1296 1.1234 1.1434 1.1289
        1.0768 1.0773 1.0728 1.0880 1.0934 1.0940 1.0889 1.0947 1.0952 1.0949 1.0873 1.0791
        0.8833 0.8917 0.9026 0.8824 0.8882 0.8853 0.8713 0.8785 0.8816 0.8744 0.8788 0.8884
   2025 1.1271 1.1197 1.1212 1.1303 1.1355 1.1480 1.1437 1.1436 1.1219 1.1201 1.1437 1.1250
        1.0762 1.0768 1.0729 1.0918 1.0924 1.0932 1.0874 1.0973 1.0901 1.0922 1.0868 1.0773
        0.8838 0.8866 0.9024 0.8911 0.8884 0.8855 0.8720 0.8821 0.8804 0.8779 0.8790 0.8844
   2026 1.1308 1.1215 1.1173 1.1313 1.1421 1.1434 1.1440 1.1458 1.1268 1.1284 1.1439 1.1241
        1.0763 1.0767 1.0715 1.0912 1.0949 1.0884 1.0863 1.0962 1.0914 1.0947 1.0864 1.0760
        0.8890 0.8934 0.8921 0.8910 0.8917 0.8823 0.8726 0.8819 0.8852 0.8879 0.8791 0.8856
   2027 1.1372 1.1217 1.1145 1.1268 1.1433 1.1420 1.1476 1.1445 1.1280 1.1347 1.1441 1.1204
        1.0774 1.0762 1.0693 1.0879 1.0944 1.0853 1.0875 1.0935 1.0902 1.0964 1.0859 1.0742
        0.8921 0.8936 0.8949 0.8872 0.8915 0.8765 0.8786 0.8760 0.8853 0.8916 0.8792 0.8814
   2
   2023 1.1591 1.1507 1.1515 1.1936 1.1785 1.1843 1.1922 1.1700 1.1810 1.1821 1.1741 1.1561
        1.1011 1.0957 1.0976 1.1363 1.1457 1.1440 1.1444 1.1470 1.1386 1.1377 1.1094 1.0943
        0.8512 0.8675 0.8483 0.8593 0.8270 0.8290 0.8334 0.8183 0.8426 0.8390 0.8511 0.8740
   2024 1.1583 1.1484 1.1658 1.1599 1.1842 1.1974 1.1799 1.1779 1.1826 1.1692 1.1747 1.1540
        1.1026 1.0969 1.0984 1.1255 1.1469 1.1472 1.1335 1.1451 1.1384 1.1305 1.1080 1.0955
        0.8509 0.8652 0.8672 0.8385 0.8350 0.8333 0.8230 0.8277 0.8307 0.8276 0.8515 0.8661
   2025 1.1576 1.1486 1.1659 1.1776 1.1856 1.1993 1.1803 1.1894 1.1690 1.1642 1.1750 1.1484
        1.1019 1.0978 1.0985 1.1293 1.1454 1.1464 1.1319 1.1485 1.1298 1.1260 1.1074 1.0944
        0.8516 0.8578 0.8670 0.8493 0.8354 0.8330 0.8239 0.8319 0.8311 0.8331 0.8517 0.8612
   2026 1.1642 1.1508 1.1617 1.1786 1.1983 1.1905 1.1809 1.1926 1.1784 1.1785 1.1753 1.1464
        1.1006 1.0955 1.1002 1.1285 1.1491 1.1398 1.1306 1.1473 1.1325 1.1293 1.1068 1.0928
        0.8580 0.8676 0.8503 0.8492 0.8390 0.8291 0.8246 0.8314 0.8362 0.8454 0.8519 0.8633
   2027 1.1736 1.1509 1.1533 1.1706 1.2005 1.1856 1.1877 1.1883 1.1797 1.1892 1.1756 1.1414
        1.1014 1.0947 1.0950 1.1250 1.1481 1.1354 1.1317 1.1432 1.1308 1.1326 1.1061 1.0916
        0.8617 0.8679 0.8580 0.8444 0.8388 0.8222 0.8323 0.8244 0.8366 0.8492 0.8521 0.8581
   3
   2023 1.0508 1.0512 1.0518 1.0625 1.0462 1.0519 1.0524 1.0419 1.0467 1.0421 1.0598 1.0509
        1.0709 1.0699 1.0699 1.0818 1.0823 1.0766 1.0773 1.0805 1.0886 1.0874 1.0741 1.0697
        0.9304 0.9344 0.9263 0.9357 0.9259 0.9285 0.9310 0.9245 0.9300 0.9314 0.9290 0.9383
   2024 1.0491 1.0493 1.0567 1.0488 1.0469 1.0563 1.0501 1.0475 1.0501 1.0396 1.0609 1.0516
        1.0744 1.0727 1.0715 1.0788 1.0832 1.0783 1.0722 1.0763 1.0875 1.0848 1.0722 1.0692
        0.9293 0.9326 0.9346 0.9256 0.9295 0.9302 0.9264 0.9293 0.9246 0.9256 0.9295 0.9347
   2025 1.0492 1.0493 1.0575 1.0568 1.0482 1.0572 1.0507 1.0525 1.0455 1.0379 1.0615 1.0491
        1.0732 1.0726 1.0711 1.0796 1.0819 1.0773 1.0708 1.0765 1.0838 1.0818 1.0713 1.0681
        0.9300 0.9297 0.9344 0.9305 0.9298 0.9305 0.9271 0.9314 0.9243 0.9284 0.9297 0.9329
   2026 1.0517 1.0509 1.0561 1.0570 1.0540 1.0552 1.0519 1.0547 1.0496 1.0433 1.0621 1.0492
        1.0720 1.0706 1.0706 1.0781 1.0822 1.0739 1.0690 1.0751 1.0829 1.0804 1.0702 1.0667
        0.9331 0.9342 0.9275 0.9313 0.9316 0.9289 0.9278 0.9314 0.9275 0.9348 0.9299 0.9337
   2027 1.0559 1.0513 1.0536 1.0544 1.0556 1.0554 1.0546 1.0546 1.0505 1.0480 1.0627 1.0474
        1.0719 1.0696 1.0681 1.0754 1.0812 1.0716 1.0684 1.0730 1.0812 1.0798 1.0693 1.0654
        0.9347 0.9345 0.9304 0.9296 0.9317 0.9256 0.9314 0.9284 0.9280 0.9370 0.9301 0.9317
   4
   2023 1.0390 1.0455 1.0418 1.0610 1.0456 1.0406 1.0382 1.0354 1.0482 1.0478 1.0461 1.0430
        1.0307 1.0314 1.0318 1.0420 1.0440 1.0435 1.0421 1.0435 1.0409 1.0419 1.0354 1.0289
        0.9601 0.9586 0.9553 0.9561 0.9513 0.9547 0.9585 0.9532 0.9558 0.9545 0.9571 0.9637
   2024 1.0390 1.0451 1.0478 1.0496 1.0466 1.0443 1.0353 1.0377 1.0497 1.0448 1.0462 1.0425
        1.0322 1.0317 1.0342 1.0379 1.0441 1.0438 1.0389 1.0408 1.0397 1.0394 1.0344 1.0287
        0.9592 0.9577 0.9586 0.9506 0.9539 0.9560 0.9565 0.9569 0.9527 0.9513 0.9576 0.9618
   2025 1.0390 1.0433 1.0477 1.0550 1.0472 1.0446 1.0354 1.0412 1.0457 1.0433 1.0462 1.0411
        1.0315 1.0320 1.0341 1.0393 1.0433 1.0432 1.0377 1.0410 1.0370 1.0374 1.0339 1.0276
        0.9597 0.9565 0.9587 0.9538 0.9542 0.9563 0.9572 0.9580 0.9532 0.9534 0.9578 0.9607
   2026 1.0402 1.0455 1.0440 1.0557 1.0516 1.0429 1.0359 1.0423 1.0484 1.0475 1.0463 1.0409
        1.0313 1.0308 1.0327 1.0385 1.0438 1.0404 1.0362 1.0397 1.0364 1.0372 1.0332 1.0264
        0.9616 0.9590 0.9561 0.9539 0.9552 0.9558 0.9580 0.9584 0.9553 0.9573 0.9582 0.9615
   2027 1.0426 1.0454 1.0441 1.0525 1.0519 1.0422 1.0376 1.0418 1.0496 1.0507 1.0463 1.0386
        1.0322 1.0304 1.0312 1.0365 1.0434 1.0390 1.0359 1.0390 1.0358 1.0377 1.0328 1.0250
        0.9622 0.9592 0.9569 0.9533 0.9553 0.9539 0.9601 0.9563 0.9550 0.9584 0.9583 0.9613
9999
 SUBSISTEMA
   A ->B
 XXX XXX
                             INTERCAMBIO(P.U.INTERC.MEDIO)
 X.XXXX X.XXXX X.XXXX X.XXXX X.XXXX X.XXXX X.XXXX X.XXXX X.XXXX X.XXXX X.XXXX X.XXXX
   1   2
   2023 1.0000 1.0000 1.0000 1.0000 1.0000 1.0000 1.0000 1.0000 1.0000 1.0000 1.0000 0.9914
        1.0000 1.0000 1.0000 1.0000 1.0000 1.0000 1.0000 1.0000 1.0000 1.0000 1.0000 0.9914
        1.0000 1.0000 1.0000 1.0000 1.0000 1.0000 1.0000 1.0000 1.0000 1.0000 1.0000 1.0088
   2024 0.9645 0.9638 0.9623 0.9645 0.9624 0.9620 0.9648 0.9636 0.9632 0.9648 0.9798 0.9800
        0.9645 0.9638 0.9623 0.9645 0.9624 0.9620 0.9648 0.9636 0.9632 0.9648 0.9798 0.9800
        1.0406 1.0399 1.0383 1.0406 1.0384 1.0380 1.0409 1.0397 1.0393 1.0409 1.0213 1.0215
   2025 0.9806 0.9807 0.9794 0.9793 0.9795 0.9793 0.9808 0.9795 0.9806 0.9808 0.9798 0.9806
        0.9806 0.9807 0.9794 0.9793 0.9795 0.9793 0.9808 0.9795 0.9806 0.9808 0.9798 0.9806
        1.0222 1.0223 1.0209 1.0207 1.0210 1.0207 1.0223 1.0210 1.0222 1.0223 1.0213 1.0222
   2026 0.9800 0.9800 0.9806 0.9793 0.9788 0.9799 1.0108 1.0115 1.0113 1.0115 1.0113 1.0109
        0.9800 0.9800 0.9806 0.9793 0.9788 0.9799 1.0108 1.0115 1.0113 1.0115 1.0113 1.0109
        1.0215 1.0216 1.0222 1.0207 1.0203 1.0215 0.9875 0.9882 0.9879 0.9882 0.9880 0.9876
   2027 1.0116 1.0112 1.0109 1.0113 1.0119 1.0109 1.0112 1.0112 1.0113 1.0498 1.0473 1.0438
        1.0116 1.0112 1.0109 1.0113 1.0119 1.0109 1.0112 1.0112 1.0113 1.0498 1.0473 1.0438
        0.9882 0.9879 0.9876 0.9879 0.9886 0.9876 0.9878 0.9878 0.9879 0.9523 0.9500 0.9468
   2   1
   2023 1.0000 1.0000 1.0000 1.0000 1.0000 1.0000 1.0000 1.0000 1.0000 1.0000 0.8286 0.8914
        1.0000 1.0000 1.0000 1.0000 1.0000 1.0000 1.0000 1.0000 1.0000 1.0000 0.8413 0.9029
        1.0000 1.0000 1.0000 1.0000 1.0000 1.0000 1.0000 1.0000 1.0000 1.0000 1.1743 1.1043
   2024 0.8254 0.8226 0.8165 0.8251 0.8165 0.8149 0.8261 0.8213 0.8201 0.8264 0.8195 0.8209
        0.8372 0.8344 0.8282 0.8369 0.8282 0.8266 0.8379 0.8330 0.8318 0.8382 0.8312 0.8327
        1.1930 1.1890 1.1802 1.1926 1.1802 1.1779 1.1940 1.1871 1.1854 1.1945 1.1845 1.1866
   2025 0.8254 0.8260 0.8165 0.8152 0.8165 0.8149 0.8261 0.8165 0.8251 0.8264 0.8195 0.8254
        0.8372 0.8379 0.8282 0.8269 0.8282 0.8266 0.8379 0.8282 0.8369 0.8382 0.8312 0.8372
        1.1930 1.1940 1.1802 1.1783 1.1802 1.1779 1.1940 1.1802 1.1926 1.1945 1.1845 1.1930
   2026 0.8209 0.8211 0.8254 0.8152 0.8118 0.8198 0.8311 0.8217 0.8252 0.8220 0.8246 0.8304
        0.8327 0.8329 0.8372 0.8269 0.8234 0.8316 0.8425 0.8331 0.8366 0.8333 0.8360 0.8419
        1.1866 1.1869 1.1930 1.1783 1.1734 1.1850 1.1884 1.1751 1.1801 1.1755 1.1792 1.1875
   2027 0.8217 0.8262 0.8304 0.8252 0.8171 0.8298 0.8264 0.8264 0.8252 0.8174 0.8246 0.8348
        0.8331 0.8376 0.8419 0.8366 0.8284 0.8413 0.8378 0.8378 0.8366 0.8287 0.8360 0.8463
        1.1751 1.1815 1.1875 1.1801 1.1685 1.1866 1.1817 1.1817 1.1801 1.1689 1.1792 1.1938
   1  11
   2023 1.0000 1.0000 1.0000 1.0000 1.0000 1.0000 1.0000 1.0000 1.0000 1.0000 1.0000 1.0000
        1.0000 1.0000 1.0000 1.0000 1.0000 1.0000 1.0000 1.0000 1.0000 1.0000 1.0000 1.0000
        1.0000 1.0000 1.0000 1.0000 1.0000 1.0000 1.0000 1.0000 1.0000 1.0000 1.0000 1.0000
   2024 1.0000 1.0000 1.0000 1.0000 1.0000 1.0000 1.0000 1.0000 1.0000 1.0000 1.0000 1.0000
        1.0000 1.0000 1.0000 1.0000 1.0000 1.0000 1.0000 1.0000 1.0000 1.0000 1.0000 1.0000
        1.0000 1.0000 1.0000 1.0000 1.0000 1.0000 1.0000 1.0000 1.0000 1.0000 1.0000 1.0000
   2025 1.0000 1.0000 1.0000 1.0000 1.0000 1.0000 1.0000 1.0000 1.0000 1.0000 1.0000 1.0000
        1.0000 1.0000 1.0000 1.0000 1.0000 1.0000 1.0000 1.0000 1.0000 1.0000 1.0000 1.0000
        1.0000 1.0000 1.0000 1.0000 1.0000 1.0000 1.0000 1.0000 1.0000 1.0000 1.0000 1.0000
   2026 1.0000 1.0000 1.0000 1.0000 1.0000 1.0000 1.0000 1.0000 1.0000 1.0000 1.0000 1.0000
        1.0000 1.0000 1.0000 1.0000 1.0000 1.0000 1.0000 1.0000 1.0000 1.0000 1.0000 1.0000
        1.0000 1.0000 1.0000 1.0000 1.0000 1.0000 1.0000 1.0000 1.0000 1.0000 1.0000 1.0000
   2027 1.0000 1.0000 1.0000 1.0000 1.0000 1.0000 1.0000 1.0000 1.0000 1.0000 1.0000 1.0000
        1.0000 1.0000 1.0000 1.0000 1.0000 1.0000 1.0000 1.0000 1.0000 1.0000 1.0000 1.0000
        1.0000 1.0000 1.0000 1.0000 1.0000 1.0000 1.0000 1.0000 1.0000 1.0000 1.0000 1.0000
  11   1
   2023 1.0000 1.0000 1.0000 1.0000 1.0000 1.0000 1.0000 1.0000 1.0000 1.0000 1.0000 1.0000
        1.0000 1.0000 1.0000 1.0000 1.0000 1.0000 1.0000 1.0000 1.0000 1.0000 1.0000 1.0000
        1.0000 1.0000 1.0000 1.0000 1.0000 1.0000 1.0000 1.0000 1.0000 1.0000 1.0000 1.0000
   2024 1.0209 1.0213 1.0222 1.0209 1.0204 1.0206 1.0190 1.0197 1.0199 1.0190 1.0218 1.0216
        1.0209 1.0213 1.0222 1.0209 1.0204 1.0206 1.0190 1.0197 1.0199 1.0190 1.0218 1.0216
        0.9761 0.9765 0.9774 0.9761 0.9792 0.9794 0.9779 0.9786 0.9788 0.9779 0.9770 0.9767
   2025 1.0209 1.0208 1.0222 1.0224 1.0204 1.0206 1.0190 1.0204 1.0192 1.0190 1.0218 1.0209
        1.0209 1.0208 1.0222 1.0224 1.0204 1.0206 1.0190 1.0204 1.0192 1.0190 1.0218 1.0209
        0.9761 0.9760 0.9774 0.9776 0.9792 0.9794 0.9779 0.9792 0.9781 0.9779 0.9770 0.9761
   2026 1.0216 1.0215 1.0209 1.0224 1.0210 1.0199 1.0190 1.0204 1.0199 1.0204 1.0218 1.0209
        1.0216 1.0215 1.0209 1.0224 1.0210 1.0199 1.0190 1.0204 1.0199 1.0204 1.0218 1.0209
        0.9767 0.9767 0.9761 0.9776 0.9799 0.9787 0.9779 0.9792 0.9788 0.9792 0.9770 0.9761
   2027 1.0222 1.0215 1.0209 1.0217 1.0210 1.0192 1.0197 1.0197 1.0199 1.0210 1.0218 1.0202
        1.0222 1.0215 1.0209 1.0217 1.0210 1.0192 1.0197 1.0197 1.0199 1.0210 1.0218 1.0202
        0.9774 0.9767 0.9761 0.9768 0.9799 0.9781 0.9786 0.9786 0.9788 0.9799 0.9770 0.9755
   3  11
   2023 1.0000 1.0000 1.0000 1.0000 1.0000 1.0000 1.0000 1.0000 1.0000 1.0000 1.0000 1.0000
        1.0000 1.0000 1.0000 1.0000 1.0000 1.0000 1.0000 1.0000 1.0000 1.0000 1.0000 1.0000
        1.0000 1.0000 1.0000 1.0000 1.0000 1.0000 1.0000 1.0000 1.0000 1.0000 1.0000 1.0000
   2024 1.0000 1.0000 1.0000 1.0000 1.0000 1.0239 1.0232 1.0235 1.0227 1.0223 1.0222 1.0221
        1.0000 1.0000 1.0000 1.0000 1.0000 0.9942 0.9936 0.9939 0.9931 0.9927 0.9926 0.9925
        1.0000 1.0000 1.0000 1.0000 1.0000 0.9942 0.9936 0.9939 0.9931 0.9927 0.9926 0.9925
   2025 1.0217 1.0217 1.0225 1.0231 1.0238 1.0239 1.0000 1.0000 1.0000 1.0000 1.0000 1.0000
        0.9921 0.9921 0.9928 0.9934 0.9941 0.9942 1.0000 1.0000 1.0000 1.0000 1.0000 1.0000
        0.9921 0.9921 0.9928 0.9934 0.9941 0.9942 1.0000 1.0000 1.0000 1.0000 1.0000 1.0000
   2026 1.0000 1.0000 1.0000 1.0000 1.0000 1.0000 1.0000 1.0000 1.0000 1.0000 1.0000 1.0000
        1.0000 1.0000 1.0000 1.0000 1.0000 1.0000 1.0000 1.0000 1.0000 1.0000 1.0000 1.0000
        1.0000 1.0000 1.0000 1.0000 1.0000 1.0000 1.0000 1.0000 1.0000 1.0000 1.0000 1.0000
   2027 1.0000 1.0000 1.0000 1.0000 1.0000 1.0000 1.0000 1.0000 1.0000 1.0000 1.0000 1.0000
        1.0000 1.0000 1.0000 1.0000 1.0000 1.0000 1.0000 1.0000 1.0000 1.0000 1.0000 1.0000
        1.0000 1.0000 1.0000 1.0000 1.0000 1.0000 1.0000 1.0000 1.0000 1.0000 1.0000 1.0000
  11   3
   2023 1.0000 1.0000 1.0000 1.0000 1.0000 1.0000 1.0000 1.0000 1.0000 1.0000 1.0000 1.0000
        1.0000 1.0000 1.0000 1.0000 1.0000 1.0000 1.0000 1.0000 1.0000 1.0000 1.0000 1.0000
        1.0000 1.0000 1.0000 1.0000 1.0000 1.0000 1.0000 1.0000 1.0000 1.0000 1.0000 1.0000
   2024 1.0000 1.0000 1.0000 1.0000 1.0000 1.0000 1.0000 1.0000 1.0000 1.0000 1.0000 1.0000
        1.0000 1.0000 1.0000 1.0000 1.0000 1.0000 1.0000 1.0000 1.0000 1.0000 1.0000 1.0000
        1.0000 1.0000 1.0000 1.0000 1.0000 1.0000 1.0000 1.0000 1.0000 1.0000 1.0000 1.0000
   2025 1.0000 1.0000 1.0000 1.0000 1.0000 1.0000 1.0000 1.0000 1.0000 1.0000 1.0000 1.0000
        1.0000 1.0000 1.0000 1.0000 1.0000 1.0000 1.0000 1.0000 1.0000 1.0000 1.0000 1.0000
        1.0000 1.0000 1.0000 1.0000 1.0000 1.0000 1.0000 1.0000 1.0000 1.0000 1.0000 1.0000
   2026 1.0000 1.0000 1.0000 1.0000 1.0000 1.0000 1.0000 1.0000 1.0000 1.0000 1.0000 1.0000
        1.0000 1.0000 1.0000 1.0000 1.0000 1.0000 1.0000 1.0000 1.0000 1.0000 1.0000 1.0000
        1.0000 1.0000 1.0000 1.0000 1.0000 1.0000 1.0000 1.0000 1.0000 1.0000 1.0000 1.0000
   2027 1.0000 1.0000 1.0000 1.0000 1.0000 1.0000 1.0000 1.0000 1.0000 1.0000 1.0000 1.0000
        1.0000 1.0000 1.0000 1.0000 1.0000 1.0000 1.0000 1.0000 1.0000 1.0000 1.0000 1.0000
        1.0000 1.0000 1.0000 1.0000 1.0000 1.0000 1.0000 1.0000 1.0000 1.0000 1.0000 1.0000
   4  11
   2023 1.0000 1.0000 1.0000 1.0000 1.0000 1.0000 1.0000 1.0000 1.0000 1.0000 1.0000 1.0000
        1.0000 1.0000 1.0000 1.0000 1.0000 1.0000 1.0000 1.0000 1.0000 1.0000 1.0000 1.0000
        1.0000 1.0000 1.0000 1.0000 1.0000 1.0000 1.0000 1.0000 1.0000 1.0000 1.0000 1.0000
   2024 1.0000 1.0000 1.0000 1.0000 1.0000 1.0000 1.0000 1.0000 1.0000 1.0000 1.0000 1.0000
        1.0000 1.0000 1.0000 1.0000 1.0000 1.0000 1.0000 1.0000 1.0000 1.0000 1.0000 1.0000
        1.0000 1.0000 1.0000 1.0000 1.0000 1.0000 1.0000 1.0000 1.0000 1.0000 1.0000 1.0000
   2025 1.0000 1.0000 1.0000 1.0000 1.0000 1.0000 1.0000 1.0000 1.0000 1.0000 1.0000 1.0000
        1.0000 1.0000 1.0000 1.0000 1.0000 1.0000 1.0000 1.0000 1.0000 1.0000 1.0000 1.0000
        1.0000 1.0000 1.0000 1.0000 1.0000 1.0000 1.0000 1.0000 1.0000 1.0000 1.0000 1.0000
   2026 1.0000 1.0000 1.0000 1.0000 1.0000 1.0000 1.0000 1.0000 1.0000 1.0000 1.0000 1.0000
        1.0000 1.0000 1.0000 1.0000 1.0000 1.0000 1.0000 1.0000 1.0000 1.0000 1.0000 1.0000
        1.0000 1.0000 1.0000 1.0000 1.0000 1.0000 1.0000 1.0000 1.0000 1.0000 1.0000 1.0000
   2027 1.0000 1.0000 1.0000 1.0000 1.0000 1.0000 1.0000 1.0000 1.0000 1.0000 1.0000 1.0000
        1.0000 1.0000 1.0000 1.0000 1.0000 1.0000 1.0000 1.0000 1.0000 1.0000 1.0000 1.0000
        1.0000 1.0000 1.0000 1.0000 1.0000 1.0000 1.0000 1.0000 1.0000 1.0000 1.0000 1.0000
  11   4
   2023 1.0000 1.0000 1.0000 1.0000 1.0000 1.0000 1.0000 1.0000 1.0000 1.0000 1.0000 1.0000
        1.0000 1.0000 1.0000 1.0000 1.0000 1.0000 1.0000 1.0000 1.0000 1.0000 1.0000 1.0000
        1.0000 1.0000 1.0000 1.0000 1.0000 1.0000 1.0000 1.0000 1.0000 1.0000 1.0000 1.0000
   2024 1.0000 1.0000 1.0000 1.0000 1.0000 1.0000 1.0000 1.0000 1.0000 1.0000 1.0000 1.0000
        1.0000 1.0000 1.0000 1.0000 1.0000 1.0000 1.0000 1.0000 1.0000 1.0000 1.0000 1.0000
        1.0000 1.0000 1.0000 1.0000 1.0000 1.0000 1.0000 1.0000 1.0000 1.0000 1.0000 1.0000
   2025 1.0000 1.0000 1.0000 1.0000 1.0000 1.0000 1.0000 1.0000 1.0000 1.0000 1.0000 1.0000
        1.0000 1.0000 1.0000 1.0000 1.0000 1.0000 1.0000 1.0000 1.0000 1.0000 1.0000 1.0000
        1.0000 1.0000 1.0000 1.0000 1.0000 1.0000 1.0000 1.0000 1.0000 1.0000 1.0000 1.0000
   2026 1.0000 1.0000 1.0000 1.0000 1.0000 1.0000 1.0000 1.0000 1.0000 1.0000 1.0000 1.0000
        1.0000 1.0000 1.0000 1.0000 1.0000 1.0000 1.0000 1.0000 1.0000 1.0000 1.0000 1.0000
        1.0000 1.0000 1.0000 1.0000 1.0000 1.0000 1.0000 1.0000 1.0000 1.0000 1.0000 1.0000
   2027 1.0000 1.0000 1.0000 1.0000 1.0000 1.0000 1.0000 1.0000 1.0000 1.0000 1.0000 1.0000
        1.0000 1.0000 1.0000 1.0000 1.0000 1.0000 1.0000 1.0000 1.0000 1.0000 1.0000 1.0000
        1.0000 1.0000 1.0000 1.0000 1.0000 1.0000 1.0000 1.0000 1.0000 1.0000 1.0000 1.0000
   1   3
   2023 1.0000 1.0000 1.0000 1.0000 1.0000 1.0000 1.0000 1.0000 1.0000 1.0000 1.0000 1.0000
        1.0000 1.0000 1.0000 1.0000 1.0000 1.0000 1.0000 1.0000 1.0000 1.0000 1.0000 1.0000
        1.0000 1.0000 1.0000 1.0000 1.0000 1.0000 1.0000 1.0000 1.0000 1.0000 1.0000 1.0000
   2024 1.0000 1.0000 1.0000 1.0000 1.0000 1.0000 1.0000 1.0000 1.0000 1.0000 1.0000 1.0000
        1.0000 1.0000 1.0000 1.0000 1.0000 1.0000 1.0000 1.0000 1.0000 1.0000 1.0000 1.0000
        1.0000 1.0000 1.0000 1.0000 1.0000 1.0000 1.0000 1.0000 1.0000 1.0000 1.0000 1.0000
   2025 1.0000 1.0000 1.0000 1.0000 1.0000 1.0000 1.0000 1.0000 1.0000 1.0000 1.0000 1.0000
        1.0000 1.0000 1.0000 1.0000 1.0000 1.0000 1.0000 1.0000 1.0000 1.0000 1.0000 1.0000
        1.0000 1.0000 1.0000 1.0000 1.0000 1.0000 1.0000 1.0000 1.0000 1.0000 1.0000 1.0000
   2026 1.0000 1.0000 1.0000 1.0000 1.0000 1.0000 1.0000 1.0000 1.0000 1.0000 1.0000 1.0000
        1.0000 1.0000 1.0000 1.0000 1.0000 1.0000 1.0000 1.0000 1.0000 1.0000 1.0000 1.0000
        1.0000 1.0000 1.0000 1.0000 1.0000 1.0000 1.0000 1.0000 1.0000 1.0000 1.0000 1.0000
   2027 1.0000 1.0000 1.0000 1.0000 1.0000 1.0000 1.0000 1.0000 1.0000 1.0000 1.0000 1.0000
        1.0000 1.0000 1.0000 1.0000 1.0000 1.0000 1.0000 1.0000 1.0000 1.0000 1.0000 1.0000
        1.0000 1.0000 1.0000 1.0000 1.0000 1.0000 1.0000 1.0000 1.0000 1.0000 1.0000 1.0000
   3   1
   2023 1.0000 1.0000 1.0000 1.0000 1.0000 1.0000 1.0000 1.0000 1.0000 1.0000 1.0000 1.0000
        1.0000 1.0000 1.0000 1.0000 1.0000 1.0000 1.0000 1.0000 1.0000 1.0000 1.0000 1.0000
        1.0000 1.0000 1.0000 1.0000 1.0000 1.0000 1.0000 1.0000 1.0000 1.0000 1.0000 1.0000
   2024 1.0000 1.0000 1.0000 1.0000 1.0000 1.0404 1.0392 1.0397 1.0384 1.0376 1.0375 1.0373
        1.0000 1.0000 1.0000 1.0000 1.0000 0.9903 0.9892 0.9896 0.9883 0.9876 0.9875 0.9873
        1.0000 1.0000 1.0000 1.0000 1.0000 0.9903 0.9892 0.9896 0.9883 0.9876 0.9875 0.9873
   2025 1.0367 1.0366 1.0379 1.0389 1.0402 1.0404 1.0071 1.0068 1.0064 1.0064 1.0058 1.0059
        0.9867 0.9866 0.9879 0.9889 0.9901 0.9903 0.9850 0.9847 0.9843 0.9843 0.9837 0.9838
        0.9867 0.9866 0.9879 0.9889 0.9901 0.9903 1.0071 1.0068 1.0064 1.0064 1.0058 1.0059
   2026 1.0059 1.0059 1.0059 1.0061 1.0067 1.0069 1.0071 1.0068 1.0063 1.0062 1.0058 1.0059
        0.9837 0.9837 0.9838 0.9840 0.9845 0.9848 0.9850 0.9847 0.9841 0.9841 0.9837 0.9838
        1.0059 1.0059 1.0059 1.0061 1.0067 1.0069 1.0071 1.0068 1.0063 1.0062 1.0058 1.0059
   2027 1.0058 1.0059 1.0059 1.0063 1.0067 1.0071 1.0070 1.0070 1.0063 1.0057 1.0055 1.0056
        0.9837 0.9837 0.9838 0.9841 0.9845 0.9849 0.9848 0.9848 0.9841 0.9849 0.9847 0.9849
        1.0058 1.0059 1.0059 1.0063 1.0067 1.0071 1.0070 1.0070 1.0063 1.0057 1.0055 1.0056
   1   4
   2023 1.0000 1.0000 1.0000 1.0000 1.0000 1.0000 1.0000 1.0000 1.0000 1.0000 1.4359 1.0000
        1.0000 1.0000 1.0000 1.0000 1.0000 1.0000 1.0000 1.0000 1.0000 1.0000 0.8547 1.0000
        1.0000 1.0000 1.0000 1.0000 1.0000 1.0000 1.0000 1.0000 1.0000 1.0000 0.8547 1.0000
   2024 1.0000 1.0000 1.0000 1.0000 1.0000 1.0000 1.0000 1.0000 1.0000 1.0000 1.0000 1.0000
        1.0000 1.0000 1.0000 1.0000 1.0000 1.0000 1.0000 1.0000 1.0000 1.0000 1.0000 1.0000
        1.0000 1.0000 1.0000 1.0000 1.0000 1.0000 1.0000 1.0000 1.0000 1.0000 1.0000 1.0000
   2025 1.0000 1.0000 1.0000 1.0000 1.0000 1.0000 1.0000 1.0000 1.0000 1.0000 1.0000 1.0000
        1.0000 1.0000 1.0000 1.0000 1.0000 1.0000 1.0000 1.0000 1.0000 1.0000 1.0000 1.0000
        1.0000 1.0000 1.0000 1.0000 1.0000 1.0000 1.0000 1.0000 1.0000 1.0000 1.0000 1.0000
   2026 1.0000 1.0000 1.0000 1.0000 1.0000 1.0000 1.0000 1.0000 1.0000 1.0000 1.0000 1.0000
        1.0000 1.0000 1.0000 1.0000 1.0000 1.0000 1.0000 1.0000 1.0000 1.0000 1.0000 1.0000
        1.0000 1.0000 1.0000 1.0000 1.0000 1.0000 1.0000 1.0000 1.0000 1.0000 1.0000 1.0000
   2027 1.0000 1.0000 1.0000 1.0000 1.0000 1.0000 1.0000 1.0000 1.0000 1.0000 1.0000 1.0000
        1.0000 1.0000 1.0000 1.0000 1.0000 1.0000 1.0000 1.0000 1.0000 1.0000 1.0000 1.0000
        1.0000 1.0000 1.0000 1.0000 1.0000 1.0000 1.0000 1.0000 1.0000 1.0000 1.0000 1.0000
   4   1
   2023 1.0000 1.0000 1.0000 1.0000 1.0000 1.0000 1.0000 1.0000 1.0000 1.0000 1.2308 1.0000
        1.0000 1.0000 1.0000 1.0000 1.0000 1.0000 1.0000 1.0000 1.0000 1.0000 0.9231 1.0000
        1.0000 1.0000 1.0000 1.0000 1.0000 1.0000 1.0000 1.0000 1.0000 1.0000 0.9231 1.0000
   2024 1.0000 1.0000 1.0000 1.0000 1.0000 1.0000 1.0593 1.0708 1.0683 1.0669 1.0566 1.0489
        1.0000 1.0000 1.0000 1.0000 1.0000 1.0000 0.9836 0.9815 0.9792 0.9780 0.9811 0.9833
        1.0000 1.0000 1.0000 1.0000 1.0000 1.0000 0.9836 0.9815 0.9792 0.9780 0.9811 0.9833
   2025 1.0000 1.0000 1.0000 1.0000 1.0000 1.0000 1.0593 1.0717 1.0672 1.0669 1.0566 1.0481
        1.0000 1.0000 1.0000 1.0000 1.0000 1.0000 0.9836 0.9824 0.9783 0.9780 0.9811 0.9826
        1.0000 1.0000 1.0000 1.0000 1.0000 1.0000 0.9836 0.9824 0.9783 0.9780 0.9811 0.9826
   2026 1.0000 1.0000 1.0000 1.0000 1.0000 1.0000 1.0593 1.0717 1.0683 1.0690 1.0566 1.0481
        1.0000 1.0000 1.0000 1.0000 1.0000 1.0000 0.9836 0.9824 0.9792 0.9799 0.9811 0.9826
        1.0000 1.0000 1.0000 1.0000 1.0000 1.0000 0.9836 0.9824 0.9792 0.9799 0.9811 0.9826
   2027 1.0000 1.0000 1.0000 1.0000 1.0000 1.0000 1.0600 1.0708 1.0683 1.0700 1.0566 1.0472
        1.0000 1.0000 1.0000 1.0000 1.0000 1.0000 0.9843 0.9815 0.9792 0.9808 0.9811 0.9818
        1.0000 1.0000 1.0000 1.0000 1.0000 1.0000 0.9843 0.9815 0.9792 0.9808 0.9811 0.9818
9999
 SBM  BLOCO
 XXX XXX
    ANO                 BLOCO DE USINAS NAO SIMULADAS (P.U. MONTANTE MED.)
   XXXX X.XXXX X.XXXX X.XXXX X.XXXX X.XXXX X.XXXX X.XXXX X.XXXX X.XXXX X.XXXX X.XXXX X.XXXX
   1  1
   2023 1.0000 1.0000 1.0000 1.0000 1.0000 1.0000 1.0000 1.0000 1.0000 1.0000 1.0048 1.0049
        1.0000 1.0000 1.0000 1.0000 1.0000 1.0000 1.0000 1.0000 1.0000 1.0000 0.9996 0.9998
        1.0000 1.0000 1.0000 1.0000 1.0000 1.0000 1.0000 1.0000 1.0000 1.0000 0.9978 0.9977
   2024 1.0035 1.0007 1.0010 1.0040 1.0165 1.0281 1.0361 1.0351 1.0319 1.0213 1.0048 1.0049
        1.0011 0.9997 0.9982 0.9993 1.0019 1.0030 1.0013 1.0009 1.0027 1.0000 0.9996 0.9998
        0.9974 0.9998 1.0005 0.9983 0.9922 0.9872 0.9822 0.9843 0.9830 0.9886 0.9978 0.9975
   2025 1.0036 1.0008 1.0011 1.0042 1.0164 1.0281 1.0361 1.0356 1.0312 1.0213 1.0048 1.0049
        1.0012 0.9997 0.9982 0.9995 1.0020 1.0031 1.0014 1.0015 1.0021 1.0001 0.9996 0.9997
        0.9973 0.9997 1.0004 0.9984 0.9922 0.9872 0.9822 0.9848 0.9824 0.9885 0.9977 0.9974
   2026 1.0037 1.0008 1.0011 1.0042 1.0167 1.0275 1.0359 1.0355 1.0319 1.0222 1.0049 1.0050
        1.0013 0.9997 0.9983 0.9995 1.0023 1.0026 1.0015 1.0016 1.0028 1.0010 0.9997 0.9997
        0.9973 0.9997 1.0004 0.9984 0.9925 0.9867 0.9822 0.9848 0.9830 0.9893 0.9977 0.9973
   2027 1.0040 1.0010 1.0012 1.0042 1.0167 1.0269 1.0365 1.0348 1.0318 1.0226 1.0049 1.0049
        1.0014 0.9998 0.9983 0.9995 1.0023 1.0021 1.0021 1.0011 1.0029 1.0015 0.9997 0.9997
        0.9973 0.9996 1.0003 0.9983 0.9925 0.9862 0.9828 0.9843 0.9830 0.9897 0.9976 0.9972
   1  2
   2023 1.0000 1.0000 1.0000 1.0000 1.0000 1.0000 1.0000 1.0000 1.0000 1.0000 0.9844 0.9957
        1.0000 1.0000 1.0000 1.0000 1.0000 1.0000 1.0000 1.0000 1.0000 1.0000 0.9948 0.9934
        1.0000 1.0000 1.0000 1.0000 1.0000 1.0000 1.0000 1.0000 1.0000 1.0000 1.0109 1.0056
   2024 0.9873 0.9802 0.9900 1.0005 1.0034 0.9914 0.9933 0.9878 0.9684 0.9871 0.9841 0.9961
        0.9914 0.9912 0.9996 0.9957 0.9942 0.9906 0.9924 0.9897 0.9852 0.9946 0.9947 0.9934
        1.0122 1.0157 1.0051 1.0024 1.0023 1.0091 1.0084 1.0120 1.0239 1.0103 1.0111 1.0057
   2025 0.9873 0.9814 0.9901 1.0004 1.0036 0.9915 0.9933 0.9874 0.9695 0.9871 0.9840 0.9963
        0.9904 0.9906 0.9993 0.9955 0.9941 0.9907 0.9923 0.9894 0.9861 0.9946 0.9946 0.9935
        1.0127 1.0162 1.0052 1.0023 1.0023 1.0090 1.0085 1.0116 1.0246 1.0103 1.0112 1.0058
   2026 0.9871 0.9812 0.9906 1.0004 1.0035 0.9918 0.9933 0.9874 0.9687 0.9864 0.9840 0.9963
        0.9896 0.9897 0.9996 0.9955 0.9940 0.9910 0.9923 0.9894 0.9853 0.9939 0.9946 0.9935
        1.0125 1.0156 1.0056 1.0024 1.0022 1.0093 1.0085 1.0116 1.0237 1.0096 1.0112 1.0059
   2027 0.9868 0.9813 0.9906 1.0004 1.0035 0.9921 0.9931 0.9878 0.9687 0.9861 0.9840 0.9965
        0.9892 0.9896 0.9995 0.9955 0.9940 0.9912 0.9920 0.9897 0.9853 0.9936 0.9946 0.9936
        1.0122 1.0156 1.0056 1.0024 1.0022 1.0096 1.0082 1.0120 1.0237 1.0093 1.0112 1.0060
   1  3
   2023 1.0000 1.0000 1.0000 1.0000 1.0000 1.0000 1.0000 1.0000 1.0000 1.0000 1.3063 1.3999
        1.0000 1.0000 1.0000 1.0000 1.0000 1.0000 1.0000 1.0000 1.0000 1.0000 0.9628 0.9713
        1.0000 1.0000 1.0000 1.0000 1.0000 1.0000 1.0000 1.0000 1.0000 1.0000 0.8627 0.8201
   2024 1.4132 1.3518 1.6371 1.4167 1.4219 1.5134 1.5181 1.4022 1.4153 1.2665 1.3063 1.3896
        0.9326 0.9045 0.8970 0.8776 0.9416 0.9266 0.9307 0.9855 0.9582 0.9622 0.9628 0.9641
        0.8029 0.8620 0.7437 0.8575 0.8678 0.8452 0.8057 0.8356 0.8241 0.8812 0.8627 0.8141
   2025 1.4132 1.3456 1.6371 1.4348 1.4219 1.5134 1.5181 1.4112 1.4050 1.2665 1.3063 1.3794
        0.9326 0.9004 0.8970 0.8889 0.9416 0.9266 0.9307 0.9917 0.9512 0.9622 0.9628 0.9571
        0.8029 0.8581 0.7437 0.8685 0.8678 0.8452 0.8057 0.8409 0.8181 0.8812 0.8627 0.8081
   2026 1.4242 1.3546 1.6011 1.4348 1.4301 1.5028 1.5181 1.4112 1.4153 1.2782 1.3063 1.3794
        0.9399 0.9064 0.8773 0.8889 0.9470 0.9200 0.9307 0.9917 0.9582 0.9711 0.9628 0.9571
        0.8092 0.8638 0.7274 0.8685 0.8728 0.8393 0.8057 0.8409 0.8241 0.8894 0.8627 0.8081
   2027 1.4354 1.3546 1.6011 1.4257 1.4301 1.4923 1.5296 1.4022 1.4153 1.2841 1.3063 1.3694
        0.9473 0.9064 0.8773 0.8832 0.9470 0.9137 0.9378 0.9855 0.9582 0.9756 0.9628 0.9501
        0.8155 0.8638 0.7274 0.8630 0.8728 0.8335 0.8118 0.8356 0.8241 0.8935 0.8627 0.8023
   1  4
   2023 1.0000 1.0000 1.0000 1.0000 1.0000 1.0000 1.0000 1.0000 1.0000 1.0000 0.9622 1.0236
        1.0000 1.0000 1.0000 1.0000 1.0000 1.0000 1.0000 1.0000 1.0000 1.0000 1.3571 1.4232
        1.0000 1.0000 1.0000 1.0000 1.0000 1.0000 1.0000 1.0000 1.0000 1.0000 0.8255 0.7649
   2024 1.1504 1.1468 1.1199 0.7799 0.5318 0.5327 0.5822 0.5832 0.7716 0.7670 0.9639 1.0220
        1.3253 1.4076 1.4645 1.5858 1.7796 1.7820 1.7399 1.7942 1.6166 1.5545 1.3556 1.4148
        0.7276 0.6924 0.6961 0.7526 0.7019 0.7037 0.6816 0.6583 0.7489 0.7765 0.8255 0.7601
   2025 1.1499 1.1388 1.1180 0.7865 0.5301 0.5320 0.5823 0.5871 0.7678 0.7667 0.9644 1.0177
        1.3251 1.4003 1.4655 1.6027 1.7793 1.7814 1.7400 1.8057 1.6079 1.5551 1.3553 1.4075
        0.7280 0.6889 0.6964 0.7600 0.7028 0.7043 0.6815 0.6636 0.7453 0.7763 0.8254 0.7562
   2026 1.1575 1.1481 1.1022 0.7865 0.5331 0.5290 0.5823 0.5871 0.7717 0.7729 0.9644 1.0177
        1.3340 1.4119 1.4448 1.6027 1.7893 1.7712 1.7400 1.8057 1.6161 1.5679 1.3553 1.4075
        0.7330 0.6945 0.6866 0.7600 0.7067 0.7003 0.6815 0.6636 0.7491 0.7826 0.8254 0.7562
   2027 1.1654 1.1481 1.1022 0.7826 0.5330 0.5260 0.5859 0.5831 0.7717 0.7761 0.9644 1.0128
        1.3431 1.4119 1.4448 1.5949 1.7893 1.7611 1.7508 1.7932 1.6161 1.5744 1.3553 1.4005
        0.7380 0.6945 0.6866 0.7562 0.7067 0.6963 0.6857 0.6590 0.7491 0.7859 0.8254 0.7524
   1  5
   2023 1.0000 1.0000 1.0000 1.0000 1.0000 1.0000 1.0000 1.0000 1.0000 1.0000 1.0000 1.0000
        1.0000 1.0000 1.0000 1.0000 1.0000 1.0000 1.0000 1.0000 1.0000 1.0000 1.0000 1.0000
        1.0000 1.0000 1.0000 1.0000 1.0000 1.0000 1.0000 1.0000 1.0000 1.0000 1.0000 1.0000
   2024 1.0000 1.0000 1.0000 1.0000 1.0000 1.0000 1.0000 1.0000 1.0000 1.0000 1.0000 1.0000
        1.0000 1.0000 1.0000 1.0000 1.0000 1.0000 1.0000 1.0000 1.0000 1.0000 1.0000 1.0000
        1.0000 1.0000 1.0000 1.0000 1.0000 1.0000 1.0000 1.0000 1.0000 1.0000 1.0000 1.0000
   2025 1.0000 1.0000 1.0000 1.0000 1.0000 1.0000 1.0000 1.0000 1.0000 1.0000 1.0000 1.0000
        1.0000 1.0000 1.0000 1.0000 1.0000 1.0000 1.0000 1.0000 1.0000 1.0000 1.0000 1.0000
        1.0000 1.0000 1.0000 1.0000 1.0000 1.0000 1.0000 1.0000 1.0000 1.0000 1.0000 1.0000
   2026 1.0000 1.0000 1.0000 1.0000 1.0000 1.0000 1.0000 1.0000 1.0000 1.0000 1.0000 1.0000
        1.0000 1.0000 1.0000 1.0000 1.0000 1.0000 1.0000 1.0000 1.0000 1.0000 1.0000 1.0000
        1.0000 1.0000 1.0000 1.0000 1.0000 1.0000 1.0000 1.0000 1.0000 1.0000 1.0000 1.0000
   2027 1.0000 1.0000 1.0000 1.0000 1.0000 1.0000 1.0000 1.0000 1.0000 1.0000 1.0000 1.0000
        1.0000 1.0000 1.0000 1.0000 1.0000 1.0000 1.0000 1.0000 1.0000 1.0000 1.0000 1.0000
        1.0000 1.0000 1.0000 1.0000 1.0000 1.0000 1.0000 1.0000 1.0000 1.0000 1.0000 1.0000
   1  6
   2023 1.0000 1.0000 1.0000 1.0000 1.0000 1.0000 1.0000 1.0000 1.0000 1.0000 1.0000 1.0000
        1.0000 1.0000 1.0000 1.0000 1.0000 1.0000 1.0000 1.0000 1.0000 1.0000 1.0000 1.0000
        1.0000 1.0000 1.0000 1.0000 1.0000 1.0000 1.0000 1.0000 1.0000 1.0000 1.0000 1.0000
   2024 1.0000 1.0000 1.0000 1.0000 1.0000 1.0000 1.0000 1.0000 1.0000 1.0000 1.0000 1.0000
        1.0000 1.0000 1.0000 1.0000 1.0000 1.0000 1.0000 1.0000 1.0000 1.0000 1.0000 1.0000
        1.0000 1.0000 1.0000 1.0000 1.0000 1.0000 1.0000 1.0000 1.0000 1.0000 1.0000 1.0000
   2025 1.0000 1.0000 1.0000 1.0000 1.0000 1.0000 1.0000 1.0000 1.0000 1.0000 1.0000 1.0000
        1.0000 1.0000 1.0000 1.0000 1.0000 1.0000 1.0000 1.0000 1.0000 1.0000 1.0000 1.0000
        1.0000 1.0000 1.0000 1.0000 1.0000 1.0000 1.0000 1.0000 1.0000 1.0000 1.0000 1.0000
   2026 1.0000 1.0000 1.0000 1.0000 1.0000 1.0000 1.0000 1.0000 1.0000 1.0000 1.0000 1.0000
        1.0000 1.0000 1.0000 1.0000 1.0000 1.0000 1.0000 1.0000 1.0000 1.0000 1.0000 1.0000
        1.0000 1.0000 1.0000 1.0000 1.0000 1.0000 1.0000 1.0000 1.0000 1.0000 1.0000 1.0000
   2027 1.0000 1.0000 1.0000 1.0000 1.0000 1.0000 1.0000 1.0000 1.0000 1.0000 1.0000 1.0000
        1.0000 1.0000 1.0000 1.0000 1.0000 1.0000 1.0000 1.0000 1.0000 1.0000 1.0000 1.0000
        1.0000 1.0000 1.0000 1.0000 1.0000 1.0000 1.0000 1.0000 1.0000 1.0000 1.0000 1.0000
   1  7
   2023 1.0000 1.0000 1.0000 1.0000 1.0000 1.0000 1.0000 1.0000 1.0000 1.0000 1.0000 1.0000
        1.0000 1.0000 1.0000 1.0000 1.0000 1.0000 1.0000 1.0000 1.0000 1.0000 1.0000 1.0000
        1.0000 1.0000 1.0000 1.0000 1.0000 1.0000 1.0000 1.0000 1.0000 1.0000 1.0000 1.0000
   2024 1.0000 1.0000 1.0000 1.0000 1.0000 1.0000 1.0000 1.0000 1.0000 1.0000 1.0000 1.0000
        1.0000 1.0000 1.0000 1.0000 1.0000 1.0000 1.0000 1.0000 1.0000 1.0000 1.0000 1.0000
        1.0000 1.0000 1.0000 1.0000 1.0000 1.0000 1.0000 1.0000 1.0000 1.0000 1.0000 1.0000
   2025 1.0000 1.0000 1.0000 1.0000 1.0000 1.0000 1.0000 1.0000 1.0000 1.0000 1.0000 1.0000
        1.0000 1.0000 1.0000 1.0000 1.0000 1.0000 1.0000 1.0000 1.0000 1.0000 1.0000 1.0000
        1.0000 1.0000 1.0000 1.0000 1.0000 1.0000 1.0000 1.0000 1.0000 1.0000 1.0000 1.0000
   2026 1.0000 1.0000 1.0000 1.0000 1.0000 1.0000 1.0000 1.0000 1.0000 1.0000 1.0000 1.0000
        1.0000 1.0000 1.0000 1.0000 1.0000 1.0000 1.0000 1.0000 1.0000 1.0000 1.0000 1.0000
        1.0000 1.0000 1.0000 1.0000 1.0000 1.0000 1.0000 1.0000 1.0000 1.0000 1.0000 1.0000
   2027 1.0000 1.0000 1.0000 1.0000 1.0000 1.0000 1.0000 1.0000 1.0000 1.0000 1.0000 1.0000
        1.0000 1.0000 1.0000 1.0000 1.0000 1.0000 1.0000 1.0000 1.0000 1.0000 1.0000 1.0000
        1.0000 1.0000 1.0000 1.0000 1.0000 1.0000 1.0000 1.0000 1.0000 1.0000 1.0000 1.0000
   1  8
   2023 1.0000 1.0000 1.0000 1.0000 1.0000 1.0000 1.0000 1.0000 1.0000 1.0000 0.9588 0.9887
        1.0000 1.0000 1.0000 1.0000 1.0000 1.0000 1.0000 1.0000 1.0000 1.0000 1.4657 1.4054
        1.0000 1.0000 1.0000 1.0000 1.0000 1.0000 1.0000 1.0000 1.0000 1.0000 0.7684 0.7913
   2024 0.9894 0.9910 0.9722 0.7098 0.4401 0.4310 0.4448 0.4720 0.7464 0.7221 0.9588 0.9886
        1.5054 1.5009 1.4526 1.8212 1.8464 1.8293 1.9386 1.8638 1.7565 1.7931 1.4657 1.4598
        0.7162 0.7250 0.7743 0.6436 0.6969 0.7143 0.6079 0.6607 0.6790 0.6507 0.7684 0.7530
   2025 0.9894 0.9908 0.9722 0.7085 0.4401 0.4310 0.4448 0.4721 0.7459 0.7221 0.9588 0.9885
        1.5054 1.5421 1.4526 1.7187 1.8464 1.8293 1.9386 1.8183 1.8035 1.7931 1.4657 1.5131
        0.7162 0.6925 0.7743 0.7302 0.6969 0.7143 0.6079 0.7017 0.6357 0.6507 0.7684 0.7123
   2026 0.9889 0.9910 0.9721 0.7085 0.4400 0.4314 0.4448 0.4721 0.7464 0.7216 0.9588 0.9885
        1.4513 1.4821 1.5652 1.7187 1.7973 1.8796 1.9386 1.8183 1.7565 1.6991 1.4657 1.5131
        0.7575 0.7390 0.6918 0.7302 0.7363 0.6715 0.6079 0.7017 0.6790 0.7319 0.7684 0.7123
   2027 0.9883 0.9910 0.9721 0.7092 0.4400 0.4317 0.4449 0.4720 0.7464 0.7213 0.9588 0.9884
        1.3963 1.4821 1.5652 1.7710 1.7973 1.9279 1.8941 1.8638 1.7565 1.6496 1.4657 1.5653
        0.7963 0.7390 0.6918 0.6885 0.7363 0.6254 0.6525 0.6607 0.6790 0.7686 0.7684 0.6689
   2  1
   2023 1.0000 1.0000 1.0000 1.0000 1.0000 1.0000 1.0000 1.0000 1.0000 1.0000 0.9984 1.0210
        1.0000 1.0000 1.0000 1.0000 1.0000 1.0000 1.0000 1.0000 1.0000 1.0000 0.9978 1.0049
        1.0000 1.0000 1.0000 1.0000 1.0000 1.0000 1.0000 1.0000 1.0000 1.0000 1.0020 0.9872
   2024 1.0145 1.0263 1.0193 1.0353 1.0212 1.0194 1.0304 1.0191 1.0318 1.0088 0.9985 1.0205
        1.0025 1.0032 1.0006 1.0025 0.9932 0.9966 0.9985 0.9941 1.0052 0.9973 0.9979 1.0045
        0.9903 0.9839 0.9902 0.9800 0.9957 0.9945 0.9869 0.9956 0.9816 0.9970 1.0019 0.9867
   2025 1.0144 1.0258 1.0195 1.0366 1.0213 1.0195 1.0305 1.0193 1.0311 1.0090 0.9986 1.0200
        1.0026 1.0029 1.0008 1.0040 0.9935 0.9967 0.9985 0.9945 1.0046 0.9975 0.9980 1.0042
        0.9903 0.9835 0.9901 0.9815 0.9956 0.9944 0.9868 0.9957 0.9809 0.9968 1.0018 0.9862
   2026 1.0147 1.0263 1.0189 1.0364 1.0217 1.0193 1.0306 1.0194 1.0319 1.0094 0.9987 1.0200
        1.0031 1.0036 1.0002 1.0041 0.9941 0.9965 0.9985 0.9947 1.0053 0.9978 0.9981 1.0043
        0.9905 0.9841 0.9891 0.9816 0.9955 0.9941 0.9867 0.9956 0.9815 0.9969 1.0017 0.9861
   2027 1.0150 1.0261 1.0191 1.0355 1.0218 1.0190 1.0312 1.0191 1.0319 1.0097 0.9987 1.0195
        1.0036 1.0037 1.0004 1.0034 0.9942 0.9963 0.9990 0.9945 1.0053 0.9980 0.9982 1.0039
        0.9908 0.9841 0.9889 0.9809 0.9954 0.9938 0.9872 0.9953 0.9815 0.9970 1.0016 0.9856
   2  2
   2023 1.0000 1.0000 1.0000 1.0000 1.0000 1.0000 1.0000 1.0000 1.0000 1.0000 1.0011 0.9740
        1.0000 1.0000 1.0000 1.0000 1.0000 1.0000 1.0000 1.0000 1.0000 1.0000 0.9991 0.9932
        1.0000 1.0000 1.0000 1.0000 1.0000 1.0000 1.0000 1.0000 1.0000 1.0000 0.9999 1.0163
   2024 0.9800 0.9765 0.9926 0.9918 0.9880 1.0071 0.9945 0.9961 0.9795 0.9924 1.0010 0.9745
        1.0001 0.9914 0.9911 0.9930 0.9878 1.0039 0.9905 0.9921 0.9858 0.9934 0.9991 0.9936
        1.0114 1.0176 1.0083 1.0087 1.0124 0.9948 1.0092 1.0069 1.0182 1.0082 1.0000 1.0169
   2025 0.9800 0.9769 0.9926 0.9912 0.9880 1.0071 0.9945 0.9959 0.9801 0.9924 1.0010 0.9751
        1.0001 0.9918 0.9911 0.9924 0.9878 1.0039 0.9905 0.9919 0.9864 0.9934 0.9991 0.9942
        1.0114 1.0180 1.0083 1.0081 1.0124 0.9948 1.0092 1.0067 1.0188 1.0082 1.0000 1.0175
   2026 0.9796 0.9763 0.9931 0.9912 0.9876 1.0069 0.9945 0.9959 0.9795 0.9919 1.0010 0.9751
        0.9997 0.9912 0.9915 0.9924 0.9874 1.0037 0.9905 0.9919 0.9858 0.9929 0.9991 0.9942
        1.0110 1.0174 1.0088 1.0081 1.0120 0.9946 1.0092 1.0067 1.0182 1.0077 1.0000 1.0175
   2027 0.9792 0.9763 0.9931 0.9915 0.9876 1.0068 0.9942 0.9961 0.9795 0.9916 1.0010 0.9756
        0.9993 0.9912 0.9915 0.9927 0.9874 1.0036 0.9903 0.9921 0.9858 0.9927 0.9991 0.9948
        1.0105 1.0174 1.0088 1.0084 1.0120 0.9945 1.0089 1.0069 1.0182 1.0075 1.0000 1.0181
   2  3
   2023 1.0000 1.0000 1.0000 1.0000 1.0000 1.0000 1.0000 1.0000 1.0000 1.0000 1.0779 1.0924
        1.0000 1.0000 1.0000 1.0000 1.0000 1.0000 1.0000 1.0000 1.0000 1.0000 0.9911 0.9578
        1.0000 1.0000 1.0000 1.0000 1.0000 1.0000 1.0000 1.0000 1.0000 1.0000 0.9647 0.9772
   2024 1.0700 1.1346 1.1335 1.0843 0.9786 1.0228 0.9892 0.9885 1.0136 1.0676 1.0779 1.0908
        0.9866 0.9934 0.9800 1.0164 0.9865 0.9748 0.9824 0.9569 0.9933 0.9787 0.9911 0.9567
        0.9677 0.9305 0.9455 0.9457 1.0170 1.0066 1.0173 1.0333 0.9974 0.9772 0.9648 0.9759
   2025 1.0696 1.1315 1.1340 1.0875 0.9782 1.0224 0.9885 0.9868 1.0130 1.0674 1.0775 1.0889
        0.9867 0.9916 0.9802 1.0197 0.9863 0.9747 0.9823 0.9559 0.9931 0.9793 0.9912 0.9557
        0.9679 0.9289 0.9451 0.9501 1.0172 1.0067 1.0176 1.0327 0.9974 0.9769 0.9649 0.9747
   2026 1.0708 1.1346 1.1286 1.0875 0.9776 1.0225 0.9885 0.9868 1.0132 1.0695 1.0775 1.0889
        0.9879 0.9945 0.9755 1.0197 0.9857 0.9748 0.9823 0.9559 0.9933 0.9813 0.9912 0.9557
        0.9692 0.9317 0.9406 0.9501 1.0166 1.0068 1.0176 1.0327 0.9976 0.9789 0.9649 0.9747
   2027 1.0722 1.1346 1.1286 1.0855 0.9776 1.0226 0.9880 0.9877 1.0132 1.0706 1.0775 1.0875
        0.9892 0.9945 0.9755 1.0178 0.9857 0.9748 0.9818 0.9568 0.9933 0.9822 0.9912 0.9544
        0.9705 0.9317 0.9406 0.9483 1.0166 1.0069 1.0171 1.0337 0.9976 0.9798 0.9649 0.9734
   2  4
   2023 1.0000 1.0000 1.0000 1.0000 1.0000 1.0000 1.0000 1.0000 1.0000 1.0000 1.0283 1.0949
        1.0000 1.0000 1.0000 1.0000 1.0000 1.0000 1.0000 1.0000 1.0000 1.0000 1.3605 1.4997
        1.0000 1.0000 1.0000 1.0000 1.0000 1.0000 1.0000 1.0000 1.0000 1.0000 0.7897 0.6896
   2024 1.1074 1.1565 1.1453 0.7684 0.4778 0.4388 0.4840 0.5406 0.7205 0.7624 1.0283 1.0872
        1.2500 1.3077 1.4016 1.6105 1.8460 1.7851 1.8461 1.8816 1.5514 1.5993 1.3605 1.4892
        0.7953 0.7430 0.7170 0.7433 0.6821 0.7384 0.6538 0.6193 0.8117 0.7508 0.7897 0.6848
   2025 1.1074 1.1507 1.1453 0.7763 0.4778 0.4388 0.4840 0.5448 0.7183 0.7624 1.0283 1.0796
        1.2500 1.3011 1.4016 1.6271 1.8460 1.7851 1.8461 1.8963 1.5466 1.5993 1.3605 1.4788
        0.7953 0.7392 0.7170 0.7510 0.6821 0.7384 0.6538 0.6241 0.8092 0.7508 0.7897 0.6800
   2026 1.1130 1.1591 1.1294 0.7763 0.4806 0.4369 0.4840 0.5448 0.7205 0.7696 1.0283 1.0796
        1.2562 1.3106 1.3821 1.6271 1.8569 1.7774 1.8461 1.8963 1.5514 1.6143 1.3605 1.4788
        0.7993 0.7446 0.7070 0.7510 0.6862 0.7352 0.6538 0.6241 0.8117 0.7579 0.7897 0.6800
   2027 1.1186 1.1591 1.1294 0.7724 0.4806 0.4351 0.4871 0.5406 0.7205 0.7733 1.0283 1.0721
        1.2626 1.3106 1.3821 1.6188 1.8569 1.7698 1.8579 1.8816 1.5514 1.6220 1.3605 1.4685
        0.8034 0.7446 0.7070 0.7472 0.6862 0.7321 0.6580 0.6193 0.8117 0.7615 0.7897 0.6753
   2  5
   2023 1.0000 1.0000 1.0000 1.0000 1.0000 1.0000 1.0000 1.0000 1.0000 1.0000 1.0000 1.0000
        1.0000 1.0000 1.0000 1.0000 1.0000 1.0000 1.0000 1.0000 1.0000 1.0000 1.0000 1.0000
        1.0000 1.0000 1.0000 1.0000 1.0000 1.0000 1.0000 1.0000 1.0000 1.0000 1.0000 1.0000
   2024 1.0000 1.0000 1.0000 1.0000 1.0000 1.0000 1.0000 1.0000 1.0000 1.0000 1.0000 1.0000
        1.0000 1.0000 1.0000 1.0000 1.0000 1.0000 1.0000 1.0000 1.0000 1.0000 1.0000 1.0000
        1.0000 1.0000 1.0000 1.0000 1.0000 1.0000 1.0000 1.0000 1.0000 1.0000 1.0000 1.0000
   2025 1.0000 1.0000 1.0000 1.0000 1.0000 1.0000 1.0000 1.0000 1.0000 1.0000 1.0000 1.0000
        1.0000 1.0000 1.0000 1.0000 1.0000 1.0000 1.0000 1.0000 1.0000 1.0000 1.0000 1.0000
        1.0000 1.0000 1.0000 1.0000 1.0000 1.0000 1.0000 1.0000 1.0000 1.0000 1.0000 1.0000
   2026 1.0000 1.0000 1.0000 1.0000 1.0000 1.0000 1.0000 1.0000 1.0000 1.0000 1.0000 1.0000
        1.0000 1.0000 1.0000 1.0000 1.0000 1.0000 1.0000 1.0000 1.0000 1.0000 1.0000 1.0000
        1.0000 1.0000 1.0000 1.0000 1.0000 1.0000 1.0000 1.0000 1.0000 1.0000 1.0000 1.0000
   2027 1.0000 1.0000 1.0000 1.0000 1.0000 1.0000 1.0000 1.0000 1.0000 1.0000 1.0000 1.0000
        1.0000 1.0000 1.0000 1.0000 1.0000 1.0000 1.0000 1.0000 1.0000 1.0000 1.0000 1.0000
        1.0000 1.0000 1.0000 1.0000 1.0000 1.0000 1.0000 1.0000 1.0000 1.0000 1.0000 1.0000
   2  6
   2023 1.0000 1.0000 1.0000 1.0000 1.0000 1.0000 1.0000 1.0000 1.0000 1.0000 1.0000 1.0000
        1.0000 1.0000 1.0000 1.0000 1.0000 1.0000 1.0000 1.0000 1.0000 1.0000 1.0000 1.0000
        1.0000 1.0000 1.0000 1.0000 1.0000 1.0000 1.0000 1.0000 1.0000 1.0000 1.0000 1.0000
   2024 1.0000 1.0000 1.0000 1.0000 1.0000 1.0000 1.0000 1.0000 1.0000 1.0000 1.0000 1.0000
        1.0000 1.0000 1.0000 1.0000 1.0000 1.0000 1.0000 1.0000 1.0000 1.0000 1.0000 1.0000
        1.0000 1.0000 1.0000 1.0000 1.0000 1.0000 1.0000 1.0000 1.0000 1.0000 1.0000 1.0000
   2025 1.0000 1.0000 1.0000 1.0000 1.0000 1.0000 1.0000 1.0000 1.0000 1.0000 1.0000 1.0000
        1.0000 1.0000 1.0000 1.0000 1.0000 1.0000 1.0000 1.0000 1.0000 1.0000 1.0000 1.0000
        1.0000 1.0000 1.0000 1.0000 1.0000 1.0000 1.0000 1.0000 1.0000 1.0000 1.0000 1.0000
   2026 1.0000 1.0000 1.0000 1.0000 1.0000 1.0000 1.0000 1.0000 1.0000 1.0000 1.0000 1.0000
        1.0000 1.0000 1.0000 1.0000 1.0000 1.0000 1.0000 1.0000 1.0000 1.0000 1.0000 1.0000
        1.0000 1.0000 1.0000 1.0000 1.0000 1.0000 1.0000 1.0000 1.0000 1.0000 1.0000 1.0000
   2027 1.0000 1.0000 1.0000 1.0000 1.0000 1.0000 1.0000 1.0000 1.0000 1.0000 1.0000 1.0000
        1.0000 1.0000 1.0000 1.0000 1.0000 1.0000 1.0000 1.0000 1.0000 1.0000 1.0000 1.0000
        1.0000 1.0000 1.0000 1.0000 1.0000 1.0000 1.0000 1.0000 1.0000 1.0000 1.0000 1.0000
   2  7
   2023 1.0000 1.0000 1.0000 1.0000 1.0000 1.0000 1.0000 1.0000 1.0000 1.0000 1.0000 1.0000
        1.0000 1.0000 1.0000 1.0000 1.0000 1.0000 1.0000 1.0000 1.0000 1.0000 1.0000 1.0000
        1.0000 1.0000 1.0000 1.0000 1.0000 1.0000 1.0000 1.0000 1.0000 1.0000 1.0000 1.0000
   2024 1.0000 1.0000 1.0000 1.0000 1.0000 1.0000 1.0000 1.0000 1.0000 1.0000 1.0000 1.0000
        1.0000 1.0000 1.0000 1.0000 1.0000 1.0000 1.0000 1.0000 1.0000 1.0000 1.0000 1.0000
        1.0000 1.0000 1.0000 1.0000 1.0000 1.0000 1.0000 1.0000 1.0000 1.0000 1.0000 1.0000
   2025 1.0000 1.0000 1.0000 1.0000 1.0000 1.0000 1.0000 1.0000 1.0000 1.0000 1.0000 1.0000
        1.0000 1.0000 1.0000 1.0000 1.0000 1.0000 1.0000 1.0000 1.0000 1.0000 1.0000 1.0000
        1.0000 1.0000 1.0000 1.0000 1.0000 1.0000 1.0000 1.0000 1.0000 1.0000 1.0000 1.0000
   2026 1.0000 1.0000 1.0000 1.0000 1.0000 1.0000 1.0000 1.0000 1.0000 1.0000 1.0000 1.0000
        1.0000 1.0000 1.0000 1.0000 1.0000 1.0000 1.0000 1.0000 1.0000 1.0000 1.0000 1.0000
        1.0000 1.0000 1.0000 1.0000 1.0000 1.0000 1.0000 1.0000 1.0000 1.0000 1.0000 1.0000
   2027 1.0000 1.0000 1.0000 1.0000 1.0000 1.0000 1.0000 1.0000 1.0000 1.0000 1.0000 1.0000
        1.0000 1.0000 1.0000 1.0000 1.0000 1.0000 1.0000 1.0000 1.0000 1.0000 1.0000 1.0000
        1.0000 1.0000 1.0000 1.0000 1.0000 1.0000 1.0000 1.0000 1.0000 1.0000 1.0000 1.0000
   2  8
   2023 1.0000 1.0000 1.0000 1.0000 1.0000 1.0000 1.0000 1.0000 1.0000 1.0000 1.0681 1.0860
        1.0000 1.0000 1.0000 1.0000 1.0000 1.0000 1.0000 1.0000 1.0000 1.0000 1.3681 1.3377
        1.0000 1.0000 1.0000 1.0000 1.0000 1.0000 1.0000 1.0000 1.0000 1.0000 0.7651 0.7796
   2024 1.1282 1.0992 1.1071 0.8164 0.5159 0.4779 0.4845 0.5521 0.8613 0.8469 1.0681 1.0865
        1.4508 1.4396 1.3929 1.7764 1.9119 1.8435 1.9345 1.9300 1.7493 1.7292 1.3681 1.3887
        0.6683 0.7004 0.7401 0.6155 0.6259 0.6874 0.5921 0.5825 0.6278 0.6241 0.7651 0.7404
   2025 1.1282 1.0990 1.1071 0.8147 0.5159 0.4779 0.4845 0.5541 0.8592 0.8469 1.0681 1.0869
        1.4508 1.4785 1.3929 1.6758 1.9119 1.8435 1.9345 1.8895 1.7930 1.7292 1.3681 1.4388
        0.6683 0.6667 0.7401 0.7069 0.6259 0.6874 0.5921 0.6246 0.5828 0.6241 0.7651 0.6988
   2026 1.1298 1.0992 1.1052 0.8147 0.5174 0.4783 0.4845 0.5541 0.8613 0.8463 1.0681 1.0869
        1.4027 1.4219 1.4981 1.6758 1.8669 1.8945 1.9345 1.8895 1.7493 1.6393 1.3681 1.4388
        0.7099 0.7149 0.6543 0.7069 0.6667 0.6420 0.5921 0.6246 0.6278 0.7087 0.7651 0.6988
   2027 1.1314 1.0992 1.1052 0.8156 0.5174 0.4788 0.4838 0.5521 0.8613 0.8461 1.0681 1.0873
        1.3533 1.4219 1.4981 1.7271 1.8669 1.9434 1.8871 1.9300 1.7493 1.5919 1.3681 1.4879
        0.7492 0.7149 0.6543 0.6629 0.6667 0.5933 0.6403 0.5825 0.6278 0.7470 0.7651 0.6543
   3  1
   2023 1.0000 1.0000 1.0000 1.0000 1.0000 1.0000 1.0000 1.0000 1.0000 1.0000 1.0126 1.0166
        1.0000 1.0000 1.0000 1.0000 1.0000 1.0000 1.0000 1.0000 1.0000 1.0000 1.0184 1.0094
        1.0000 1.0000 1.0000 1.0000 1.0000 1.0000 1.0000 1.0000 1.0000 1.0000 0.9836 0.9870
   2024 1.0156 0.9940 1.0121 0.9993 0.9997 1.0089 1.0040 1.0079 1.0063 1.0107 1.0129 1.0164
        1.0121 1.0099 1.0145 1.0152 1.0166 1.0045 1.0069 1.0269 1.0147 1.0188 1.0174 1.0085
        0.9841 0.9977 0.9864 0.9909 0.9898 0.9938 0.9934 0.9789 0.9883 0.9824 0.9839 0.9867
   2025 1.0156 0.9949 1.0120 1.0008 0.9997 1.0102 1.0041 1.0098 1.0063 1.0102 1.0129 1.0159
        1.0116 1.0100 1.0140 1.0151 1.0154 1.0042 1.0066 1.0271 1.0139 1.0176 1.0174 1.0081
        0.9845 0.9972 0.9868 0.9913 0.9905 0.9935 0.9935 0.9792 0.9881 0.9835 0.9839 0.9863
   2026 1.0160 0.9949 1.0113 1.0008 0.9999 1.0099 1.0041 1.0098 1.0067 1.0111 1.0129 1.0159
        1.0120 1.0100 1.0132 1.0151 1.0157 1.0040 1.0066 1.0271 1.0143 1.0186 1.0174 1.0081
        0.9849 0.9972 0.9860 0.9913 0.9908 0.9932 0.9935 0.9792 0.9884 0.9844 0.9839 0.9863
   2027 1.0165 0.9949 1.0113 1.0006 0.9999 1.0097 1.0043 1.0092 1.0067 1.0116 1.0129 1.0155
        1.0125 1.0100 1.0132 1.0148 1.0157 1.0037 1.0067 1.0265 1.0143 1.0191 1.0174 1.0077
        0.9854 0.9972 0.9860 0.9910 0.9908 0.9930 0.9937 0.9786 0.9884 0.9849 0.9839 0.9858
   3  2
   2023 1.0000 1.0000 1.0000 1.0000 1.0000 1.0000 1.0000 1.0000 1.0000 1.0000 0.9807 0.9825
        1.0000 1.0000 1.0000 1.0000 1.0000 1.0000 1.0000 1.0000 1.0000 1.0000 0.9946 0.9948
        1.0000 1.0000 1.0000 1.0000 1.0000 1.0000 1.0000 1.0000 1.0000 1.0000 1.0129 1.0113
   2024 0.9912 0.9863 0.9796 0.9831 0.9866 0.9884 0.9792 0.9876 0.9920 0.9866 0.9807 0.9828
        0.9961 0.9914 0.9962 0.9940 0.9978 0.9984 0.9894 0.9974 0.9951 0.9915 0.9945 0.9951
        1.0073 1.0122 1.0119 1.0125 1.0067 1.0055 1.0171 1.0071 1.0067 1.0125 1.0129 1.0117
   2025 0.9912 0.9866 0.9796 0.9823 0.9866 0.9884 0.9792 0.9873 0.9922 0.9866 0.9807 0.9832
        0.9960 0.9917 0.9962 0.9932 0.9978 0.9984 0.9894 0.9972 0.9953 0.9915 0.9945 0.9955
        1.0073 1.0125 1.0119 1.0117 1.0067 1.0055 1.0171 1.0068 1.0070 1.0125 1.0129 1.0121
   2026 0.9910 0.9862 0.9805 0.9823 0.9863 0.9886 0.9792 0.9873 0.9920 0.9858 0.9807 0.9832
        0.9958 0.9913 0.9971 0.9932 0.9976 0.9986 0.9894 0.9972 0.9951 0.9907 0.9945 0.9955
        1.0071 1.0121 1.0128 1.0117 1.0065 1.0057 1.0171 1.0068 1.0067 1.0117 1.0129 1.0121
   2027 0.9908 0.9862 0.9805 0.9827 0.9863 0.9888 0.9787 0.9876 0.9920 0.9854 0.9807 0.9836
        0.9955 0.9913 0.9971 0.9936 0.9976 0.9988 0.9889 0.9974 0.9951 0.9903 0.9945 0.9959
        1.0069 1.0121 1.0128 1.0121 1.0065 1.0059 1.0165 1.0071 1.0067 1.0113 1.0129 1.0125
   3  3
   2023 1.0000 1.0000 1.0000 1.0000 1.0000 1.0000 1.0000 1.0000 1.0000 1.0000 0.9988 0.9693
        1.0000 1.0000 1.0000 1.0000 1.0000 1.0000 1.0000 1.0000 1.0000 1.0000 0.9962 0.9879
        1.0000 1.0000 1.0000 1.0000 1.0000 1.0000 1.0000 1.0000 1.0000 1.0000 1.0027 1.0213
   2024 0.9700 0.9954 0.9298 0.9391 0.9137 0.9160 0.9322 0.9581 0.9723 0.9713 0.9978 0.9692
        0.9964 0.9721 0.9915 0.9975 0.9470 0.9804 0.9877 0.9813 0.9874 0.9734 0.9969 0.9891
        1.0191 1.0181 1.0388 1.0334 1.0675 1.0447 1.0403 1.0304 1.0207 1.0320 1.0028 1.0223
   2025 0.9697 0.9953 0.9294 0.9368 0.9136 0.9159 0.9322 0.9572 0.9729 0.9713 0.9975 0.9697
        0.9966 0.9726 0.9918 0.9951 0.9473 0.9803 0.9878 0.9804 0.9883 0.9736 0.9971 0.9900
        1.0192 1.0185 1.0388 1.0308 1.0673 1.0447 1.0402 1.0293 1.0214 1.0319 1.0029 1.0231
   2026 0.9690 0.9947 0.9321 0.9368 0.9116 0.9174 0.9322 0.9572 0.9722 0.9694 0.9975 0.9697
        0.9960 0.9723 0.9947 0.9951 0.9451 0.9820 0.9878 0.9804 0.9876 0.9718 0.9971 0.9900
        1.0186 1.0181 1.0418 1.0308 1.0649 1.0465 1.0402 1.0293 1.0207 1.0299 1.0029 1.0231
   2027 0.9683 0.9947 0.9321 0.9380 0.9116 0.9190 0.9310 0.9581 0.9722 0.9685 0.9975 0.9704
        0.9954 0.9723 0.9947 0.9964 0.9451 0.9837 0.9864 0.9814 0.9876 0.9709 0.9971 0.9907
        1.0179 1.0181 1.0418 1.0321 1.0649 1.0483 1.0388 1.0303 1.0207 1.0289 1.0029 1.0238
   3  4
   2023 1.0000 1.0000 1.0000 1.0000 1.0000 1.0000 1.0000 1.0000 1.0000 1.0000 0.9033 0.9661
        1.0000 1.0000 1.0000 1.0000 1.0000 1.0000 1.0000 1.0000 1.0000 1.0000 1.3851 1.4589
        1.0000 1.0000 1.0000 1.0000 1.0000 1.0000 1.0000 1.0000 1.0000 1.0000 0.8407 0.7741
   2024 1.0623 1.0467 0.9740 0.7259 0.4355 0.4593 0.5235 0.5367 0.7385 0.6762 0.9030 0.9611
        1.3782 1.4481 1.4873 1.5981 1.7803 1.7368 1.7479 1.7217 1.5985 1.5253 1.3869 1.4540
        0.7475 0.7242 0.7552 0.7733 0.7399 0.7599 0.7035 0.7261 0.7755 0.8434 0.8398 0.7707
   2025 1.0613 1.0413 0.9731 0.7305 0.4347 0.4579 0.5229 0.5388 0.7352 0.6760 0.9030 0.9570
        1.3774 1.4410 1.4870 1.6120 1.7801 1.7366 1.7482 1.7302 1.5920 1.5256 1.3872 1.4482
        0.7486 0.7217 0.7558 0.7797 0.7404 0.7605 0.7036 0.7298 0.7722 0.8433 0.8397 0.7675
   2026 1.0666 1.0477 0.9637 0.7300 0.4361 0.4554 0.5219 0.5378 0.7375 0.6779 0.9029 0.9567
        1.3847 1.4501 1.4733 1.6124 1.7872 1.7300 1.7486 1.7303 1.5992 1.5323 1.3876 1.4484
        0.7531 0.7267 0.7493 0.7798 0.7437 0.7581 0.7037 0.7302 0.7755 0.8461 0.8395 0.7675
   2027 1.0725 1.0476 0.9636 0.7270 0.4361 0.4536 0.5246 0.5351 0.7375 0.6792 0.9029 0.9528
        1.3923 1.4501 1.4733 1.6059 1.7872 1.7235 1.7580 1.7219 1.5992 1.5353 1.3876 1.4425
        0.7573 0.7267 0.7493 0.7766 0.7437 0.7553 0.7075 0.7266 0.7755 0.8477 0.8395 0.7643
   3  5
   2023 1.0000 1.0000 1.0000 1.0000 1.0000 1.0000 1.0000 1.0000 1.0000 1.0000 1.0000 1.0000
        1.0000 1.0000 1.0000 1.0000 1.0000 1.0000 1.0000 1.0000 1.0000 1.0000 1.0000 1.0000
        1.0000 1.0000 1.0000 1.0000 1.0000 1.0000 1.0000 1.0000 1.0000 1.0000 1.0000 1.0000
   2024 1.0000 1.0000 1.0000 1.0000 1.0000 1.0000 1.0000 1.0000 1.0000 1.0000 1.0000 1.0000
        1.0000 1.0000 1.0000 1.0000 1.0000 1.0000 1.0000 1.0000 1.0000 1.0000 1.0000 1.0000
        1.0000 1.0000 1.0000 1.0000 1.0000 1.0000 1.0000 1.0000 1.0000 1.0000 1.0000 1.0000
   2025 1.0000 1.0000 1.0000 1.0000 1.0000 1.0000 1.0000 1.0000 1.0000 1.0000 1.0000 1.0000
        1.0000 1.0000 1.0000 1.0000 1.0000 1.0000 1.0000 1.0000 1.0000 1.0000 1.0000 1.0000
        1.0000 1.0000 1.0000 1.0000 1.0000 1.0000 1.0000 1.0000 1.0000 1.0000 1.0000 1.0000
   2026 1.0000 1.0000 1.0000 1.0000 1.0000 1.0000 1.0000 1.0000 1.0000 1.0000 1.0000 1.0000
        1.0000 1.0000 1.0000 1.0000 1.0000 1.0000 1.0000 1.0000 1.0000 1.0000 1.0000 1.0000
        1.0000 1.0000 1.0000 1.0000 1.0000 1.0000 1.0000 1.0000 1.0000 1.0000 1.0000 1.0000
   2027 1.0000 1.0000 1.0000 1.0000 1.0000 1.0000 1.0000 1.0000 1.0000 1.0000 1.0000 1.0000
        1.0000 1.0000 1.0000 1.0000 1.0000 1.0000 1.0000 1.0000 1.0000 1.0000 1.0000 1.0000
        1.0000 1.0000 1.0000 1.0000 1.0000 1.0000 1.0000 1.0000 1.0000 1.0000 1.0000 1.0000
   3  6
   2023 1.0000 1.0000 1.0000 1.0000 1.0000 1.0000 1.0000 1.0000 1.0000 1.0000 1.0000 1.0000
        1.0000 1.0000 1.0000 1.0000 1.0000 1.0000 1.0000 1.0000 1.0000 1.0000 1.0000 1.0000
        1.0000 1.0000 1.0000 1.0000 1.0000 1.0000 1.0000 1.0000 1.0000 1.0000 1.0000 1.0000
   2024 1.0000 1.0000 1.0000 1.0000 1.0000 1.0000 1.0000 1.0000 1.0000 1.0000 1.0000 1.0000
        1.0000 1.0000 1.0000 1.0000 1.0000 1.0000 1.0000 1.0000 1.0000 1.0000 1.0000 1.0000
        1.0000 1.0000 1.0000 1.0000 1.0000 1.0000 1.0000 1.0000 1.0000 1.0000 1.0000 1.0000
   2025 1.0000 1.0000 1.0000 1.0000 1.0000 1.0000 1.0000 1.0000 1.0000 1.0000 1.0000 1.0000
        1.0000 1.0000 1.0000 1.0000 1.0000 1.0000 1.0000 1.0000 1.0000 1.0000 1.0000 1.0000
        1.0000 1.0000 1.0000 1.0000 1.0000 1.0000 1.0000 1.0000 1.0000 1.0000 1.0000 1.0000
   2026 1.0000 1.0000 1.0000 1.0000 1.0000 1.0000 1.0000 1.0000 1.0000 1.0000 1.0000 1.0000
        1.0000 1.0000 1.0000 1.0000 1.0000 1.0000 1.0000 1.0000 1.0000 1.0000 1.0000 1.0000
        1.0000 1.0000 1.0000 1.0000 1.0000 1.0000 1.0000 1.0000 1.0000 1.0000 1.0000 1.0000
   2027 1.0000 1.0000 1.0000 1.0000 1.0000 1.0000 1.0000 1.0000 1.0000 1.0000 1.0000 1.0000
        1.0000 1.0000 1.0000 1.0000 1.0000 1.0000 1.0000 1.0000 1.0000 1.0000 1.0000 1.0000
        1.0000 1.0000 1.0000 1.0000 1.0000 1.0000 1.0000 1.0000 1.0000 1.0000 1.0000 1.0000
   3  7
   2023 1.0000 1.0000 1.0000 1.0000 1.0000 1.0000 1.0000 1.0000 1.0000 1.0000 1.0000 1.0000
        1.0000 1.0000 1.0000 1.0000 1.0000 1.0000 1.0000 1.0000 1.0000 1.0000 1.0000 1.0000
        1.0000 1.0000 1.0000 1.0000 1.0000 1.0000 1.0000 1.0000 1.0000 1.0000 1.0000 1.0000
   2024 1.0000 1.0000 1.0000 1.0000 1.0000 1.0000 1.0000 1.0000 1.0000 1.0000 1.0000 1.0000
        1.0000 1.0000 1.0000 1.0000 1.0000 1.0000 1.0000 1.0000 1.0000 1.0000 1.0000 1.0000
        1.0000 1.0000 1.0000 1.0000 1.0000 1.0000 1.0000 1.0000 1.0000 1.0000 1.0000 1.0000
   2025 1.0000 1.0000 1.0000 1.0000 1.0000 1.0000 1.0000 1.0000 1.0000 1.0000 1.0000 1.0000
        1.0000 1.0000 1.0000 1.0000 1.0000 1.0000 1.0000 1.0000 1.0000 1.0000 1.0000 1.0000
        1.0000 1.0000 1.0000 1.0000 1.0000 1.0000 1.0000 1.0000 1.0000 1.0000 1.0000 1.0000
   2026 1.0000 1.0000 1.0000 1.0000 1.0000 1.0000 1.0000 1.0000 1.0000 1.0000 1.0000 1.0000
        1.0000 1.0000 1.0000 1.0000 1.0000 1.0000 1.0000 1.0000 1.0000 1.0000 1.0000 1.0000
        1.0000 1.0000 1.0000 1.0000 1.0000 1.0000 1.0000 1.0000 1.0000 1.0000 1.0000 1.0000
   2027 1.0000 1.0000 1.0000 1.0000 1.0000 1.0000 1.0000 1.0000 1.0000 1.0000 1.0000 1.0000
        1.0000 1.0000 1.0000 1.0000 1.0000 1.0000 1.0000 1.0000 1.0000 1.0000 1.0000 1.0000
        1.0000 1.0000 1.0000 1.0000 1.0000 1.0000 1.0000 1.0000 1.0000 1.0000 1.0000 1.0000
   3  8
   2023 1.0000 1.0000 1.0000 1.0000 1.0000 1.0000 1.0000 1.0000 1.0000 1.0000 0.7755 0.8035
        1.0000 1.0000 1.0000 1.0000 1.0000 1.0000 1.0000 1.0000 1.0000 1.0000 1.5517 1.5105
        1.0000 1.0000 1.0000 1.0000 1.0000 1.0000 1.0000 1.0000 1.0000 1.0000 0.8160 0.8261
   2024 0.8231 0.8220 0.8009 0.5560 0.3133 0.3056 0.3039 0.3195 0.5667 0.5434 0.7755 0.8035
        1.6212 1.5967 1.4942 1.8728 1.8369 1.8028 1.8970 1.8436 1.7812 1.8526 1.5517 1.5699
        0.7447 0.7633 0.8360 0.6922 0.7535 0.7793 0.7027 0.7399 0.7513 0.7090 0.8160 0.7901
   2025 0.8231 0.8216 0.8009 0.5571 0.3133 0.3056 0.3039 0.3194 0.5667 0.5434 0.7755 0.8035
        1.6212 1.6403 1.4942 1.7739 1.8369 1.8028 1.8970 1.7977 1.8304 1.8526 1.5517 1.6281
        0.7447 0.7334 0.8360 0.7669 0.7535 0.7793 0.7027 0.7754 0.7128 0.7090 0.8160 0.7518
   2026 0.8232 0.8221 0.8024 0.5571 0.3135 0.3056 0.3039 0.3194 0.5667 0.5430 0.7755 0.8035
        1.5635 1.5767 1.6136 1.7739 1.7901 1.8510 1.8970 1.7977 1.7812 1.7554 1.5517 1.6281
        0.7832 0.7763 0.7608 0.7669 0.7872 0.7431 0.7027 0.7754 0.7513 0.7816 0.8160 0.7518
   2027 0.8234 0.8221 0.8024 0.5566 0.3135 0.3057 0.3037 0.3195 0.5667 0.5429 0.7755 0.8035
        1.5046 1.5767 1.6136 1.8245 1.7901 1.8971 1.8525 1.8436 1.7812 1.7042 1.5517 1.6852
        0.8195 0.7763 0.7608 0.7308 0.7872 0.7043 0.7409 0.7399 0.7513 0.8144 0.8160 0.7111
   4  1
   2023 1.0000 1.0000 1.0000 1.0000 1.0000 1.0000 1.0000 1.0000 1.0000 1.0000 0.9901 0.9954
        1.0000 1.0000 1.0000 1.0000 1.0000 1.0000 1.0000 1.0000 1.0000 1.0000 1.0046 1.0019
        1.0000 1.0000 1.0000 1.0000 1.0000 1.0000 1.0000 1.0000 1.0000 1.0000 1.0026 1.0012
   2024 0.9927 0.9939 0.9893 0.9938 0.9999 0.9930 0.9885 0.9908 0.9914 0.9916 0.9901 0.9955
        1.0038 1.0027 1.0011 0.9991 0.9974 0.9968 0.9972 0.9917 0.9976 0.9992 1.0046 1.0020
        1.0019 1.0018 1.0046 1.0038 1.0017 1.0047 1.0073 1.0094 1.0056 1.0050 1.0026 1.0013
   2025 0.9927 0.9940 0.9893 0.9935 0.9999 0.9930 0.9885 0.9905 0.9916 0.9917 0.9901 0.9957
        1.0038 1.0028 1.0011 0.9988 0.9974 0.9968 0.9972 0.9914 0.9978 0.9992 1.0046 1.0020
        1.0019 1.0019 1.0046 1.0036 1.0017 1.0047 1.0073 1.0091 1.0058 1.0049 1.0026 1.0013
   2026 0.9929 0.9940 0.9902 0.9937 0.9998 0.9934 0.9885 0.9907 0.9915 0.9913 0.9901 0.9958
        1.0039 1.0027 1.0016 0.9989 0.9972 0.9969 0.9973 0.9915 0.9975 0.9989 1.0045 1.0020
        1.0016 1.0017 1.0047 1.0034 1.0017 1.0048 1.0073 1.0090 1.0056 1.0046 1.0026 1.0013
   2027 0.9928 0.9940 0.9902 0.9939 0.9998 0.9935 0.9883 0.9910 0.9915 0.9912 0.9901 0.9959
        1.0038 1.0027 1.0016 0.9990 0.9972 0.9971 0.9971 0.9918 0.9975 0.9988 1.0045 1.0020
        1.0015 1.0017 1.0047 1.0035 1.0017 1.0050 1.0070 1.0093 1.0056 1.0044 1.0026 1.0013
   4  2
   2023 1.0000 1.0000 1.0000 1.0000 1.0000 1.0000 1.0000 1.0000 1.0000 1.0000 0.9874 0.9757
        1.0000 1.0000 1.0000 1.0000 1.0000 1.0000 1.0000 1.0000 1.0000 1.0000 0.9991 0.9994
        1.0000 1.0000 1.0000 1.0000 1.0000 1.0000 1.0000 1.0000 1.0000 1.0000 1.0070 1.0122
   2024 0.9844 1.0012 0.9875 0.9921 0.9938 0.9762 0.9884 0.9981 1.0044 0.9894 0.9874 0.9762
        0.9942 1.0030 0.9926 0.9971 0.9950 0.9869 0.9954 0.9948 1.0041 1.0068 0.9991 0.9999
        1.0122 0.9977 1.0100 1.0059 1.0056 1.0172 1.0086 1.0043 0.9954 1.0014 1.0070 1.0126
   2025 0.9844 1.0012 0.9875 0.9917 0.9938 0.9762 0.9884 0.9980 1.0043 0.9894 0.9874 0.9767
        0.9942 1.0029 0.9926 0.9967 0.9950 0.9869 0.9954 0.9946 1.0040 1.0068 0.9991 1.0003
        1.0122 0.9976 1.0100 1.0055 1.0056 1.0172 1.0086 1.0041 0.9953 1.0014 1.0070 1.0131
   2026 0.9840 1.0012 0.9881 0.9917 0.9937 0.9768 0.9884 0.9980 1.0044 0.9892 0.9874 0.9767
        0.9938 1.0030 0.9932 0.9967 0.9948 0.9876 0.9954 0.9946 1.0041 1.0065 0.9991 1.0003
        1.0118 0.9977 1.0107 1.0055 1.0054 1.0179 1.0086 1.0041 0.9954 1.0012 1.0070 1.0131
   2027 0.9836 1.0012 0.9881 0.9919 0.9937 0.9774 0.9882 0.9981 1.0044 0.9891 0.9874 0.9771
        0.9935 1.0030 0.9932 0.9969 0.9948 0.9882 0.9951 0.9948 1.0041 1.0064 0.9991 1.0008
        1.0114 0.9977 1.0107 1.0057 1.0054 1.0185 1.0083 1.0043 0.9954 1.0011 1.0070 1.0136
   4  3
   2023 1.0000 1.0000 1.0000 1.0000 1.0000 1.0000 1.0000 1.0000 1.0000 1.0000 0.9537 0.9725
        1.0000 1.0000 1.0000 1.0000 1.0000 1.0000 1.0000 1.0000 1.0000 1.0000 1.0299 1.0227
        1.0000 1.0000 1.0000 1.0000 1.0000 1.0000 1.0000 1.0000 1.0000 1.0000 1.0076 1.0014
   2024 1.1000 1.1834 1.3310 1.3394 1.1884 1.1224 0.9545 0.8294 0.9112 0.9667 0.9537 0.9728
        1.0119 1.0145 0.9845 1.0539 1.1556 1.1401 1.0899 0.9826 0.9964 1.0271 1.0299 1.0230
        0.9361 0.8921 0.8468 0.7889 0.8279 0.8667 0.9588 1.0853 1.0450 1.0008 1.0076 1.0017
   2025 1.1000 1.1799 1.3310 1.3600 1.1884 1.1224 0.9545 0.8268 0.9128 0.9667 0.9537 0.9731
        1.0119 1.0115 0.9845 1.0701 1.1556 1.1401 1.0899 0.9795 0.9982 1.0271 1.0299 1.0233
        0.9361 0.8895 0.8468 0.8011 0.8279 0.8667 0.9588 1.0819 1.0468 1.0008 1.0076 1.0020
   2026 1.1024 1.1850 1.3146 1.3600 1.1951 1.1175 0.9545 0.8268 0.9112 0.9663 0.9537 0.9731
        1.0141 1.0158 0.9724 1.0701 1.1621 1.1351 1.0899 0.9795 0.9964 1.0267 1.0299 1.0233
        0.9382 0.8933 0.8363 0.8011 0.8325 0.8630 0.9588 1.0819 1.0450 1.0003 1.0076 1.0020
   2027 1.1048 1.1850 1.3146 1.3497 1.1951 1.1127 0.9553 0.8294 0.9112 0.9661 0.9537 0.9734
        1.0164 1.0158 0.9724 1.0619 1.1621 1.1302 1.0908 0.9826 0.9964 1.0264 1.0299 1.0236
        0.9402 0.8933 0.8363 0.7950 0.8325 0.8592 0.9596 1.0853 1.0450 1.0001 1.0076 1.0023
   4  4
   2023 1.0000 1.0000 1.0000 1.0000 1.0000 1.0000 1.0000 1.0000 1.0000 1.0000 0.9364 1.0855
        1.0000 1.0000 1.0000 1.0000 1.0000 1.0000 1.0000 1.0000 1.0000 1.0000 1.4728 1.5269
        1.0000 1.0000 1.0000 1.0000 1.0000 1.0000 1.0000 1.0000 1.0000 1.0000 0.7760 0.6799
   2024 1.0518 1.1958 1.0083 0.8497 0.6109 0.5797 0.6174 0.6120 0.7894 0.6595 0.9364 1.0777
        1.4273 1.4939 1.5312 1.6104 1.7858 1.7377 1.7574 1.7512 1.7022 1.7140 1.4728 1.5160
        0.7253 0.6175 0.7153 0.7009 0.6665 0.7125 0.6530 0.6741 0.6901 0.7338 0.7760 0.6750
   2025 1.0518 1.1872 1.0083 0.8612 0.6109 0.5797 0.6174 0.6161 0.7841 0.6595 0.9364 1.0701
        1.4273 1.4832 1.5312 1.6323 1.7858 1.7377 1.7574 1.7629 1.6907 1.7140 1.4728 1.5052
        0.7253 0.6131 0.7153 0.7104 0.6665 0.7125 0.6530 0.6786 0.6855 0.7338 0.7760 0.6703
   2026 1.0580 1.1996 0.9968 0.8612 0.6151 0.5764 0.6174 0.6161 0.7894 0.6654 0.9364 1.0701
        1.4357 1.4987 1.5138 1.6323 1.7983 1.7278 1.7574 1.7629 1.7022 1.7294 1.4728 1.5052
        0.7296 0.6195 0.7071 0.7104 0.6711 0.7084 0.6530 0.6786 0.6901 0.7404 0.7760 0.6703
   2027 1.0643 1.1996 0.9968 0.8554 0.6151 0.5731 0.6218 0.6120 0.7894 0.6684 0.9364 1.0625
        1.4442 1.4987 1.5138 1.6214 1.7983 1.7179 1.7699 1.7512 1.7022 1.7373 1.4728 1.4946
        0.7339 0.6195 0.7071 0.7056 0.6711 0.7044 0.6576 0.6741 0.6901 0.7438 0.7760 0.6655
   4  5
   2023 1.0000 1.0000 1.0000 1.0000 1.0000 1.0000 1.0000 1.0000 1.0000 1.0000 1.0000 1.0000
        1.0000 1.0000 1.0000 1.0000 1.0000 1.0000 1.0000 1.0000 1.0000 1.0000 1.0000 1.0000
        1.0000 1.0000 1.0000 1.0000 1.0000 1.0000 1.0000 1.0000 1.0000 1.0000 1.0000 1.0000
   2024 1.0000 1.0000 1.0000 1.0000 1.0000 1.0000 1.0000 1.0000 1.0000 1.0000 1.0000 1.0000
        1.0000 1.0000 1.0000 1.0000 1.0000 1.0000 1.0000 1.0000 1.0000 1.0000 1.0000 1.0000
        1.0000 1.0000 1.0000 1.0000 1.0000 1.0000 1.0000 1.0000 1.0000 1.0000 1.0000 1.0000
   2025 1.0000 1.0000 1.0000 1.0000 1.0000 1.0000 1.0000 1.0000 1.0000 1.0000 1.0000 1.0000
        1.0000 1.0000 1.0000 1.0000 1.0000 1.0000 1.0000 1.0000 1.0000 1.0000 1.0000 1.0000
        1.0000 1.0000 1.0000 1.0000 1.0000 1.0000 1.0000 1.0000 1.0000 1.0000 1.0000 1.0000
   2026 1.0000 1.0000 1.0000 1.0000 1.0000 1.0000 1.0000 1.0000 1.0000 1.0000 1.0000 1.0000
        1.0000 1.0000 1.0000 1.0000 1.0000 1.0000 1.0000 1.0000 1.0000 1.0000 1.0000 1.0000
        1.0000 1.0000 1.0000 1.0000 1.0000 1.0000 1.0000 1.0000 1.0000 1.0000 1.0000 1.0000
   2027 1.0000 1.0000 1.0000 1.0000 1.0000 1.0000 1.0000 1.0000 1.0000 1.0000 1.0000 1.0000
        1.0000 1.0000 1.0000 1.0000 1.0000 1.0000 1.0000 1.0000 1.0000 1.0000 1.0000 1.0000
        1.0000 1.0000 1.0000 1.0000 1.0000 1.0000 1.0000 1.0000 1.0000 1.0000 1.0000 1.0000
   4  6
   2023 1.0000 1.0000 1.0000 1.0000 1.0000 1.0000 1.0000 1.0000 1.0000 1.0000 1.0000 1.0000
        1.0000 1.0000 1.0000 1.0000 1.0000 1.0000 1.0000 1.0000 1.0000 1.0000 1.0000 1.0000
        1.0000 1.0000 1.0000 1.0000 1.0000 1.0000 1.0000 1.0000 1.0000 1.0000 1.0000 1.0000
   2024 1.0000 1.0000 1.0000 1.0000 1.0000 1.0000 1.0000 1.0000 1.0000 1.0000 1.0000 1.0000
        1.0000 1.0000 1.0000 1.0000 1.0000 1.0000 1.0000 1.0000 1.0000 1.0000 1.0000 1.0000
        1.0000 1.0000 1.0000 1.0000 1.0000 1.0000 1.0000 1.0000 1.0000 1.0000 1.0000 1.0000
   2025 1.0000 1.0000 1.0000 1.0000 1.0000 1.0000 1.0000 1.0000 1.0000 1.0000 1.0000 1.0000
        1.0000 1.0000 1.0000 1.0000 1.0000 1.0000 1.0000 1.0000 1.0000 1.0000 1.0000 1.0000
        1.0000 1.0000 1.0000 1.0000 1.0000 1.0000 1.0000 1.0000 1.0000 1.0000 1.0000 1.0000
   2026 1.0000 1.0000 1.0000 1.0000 1.0000 1.0000 1.0000 1.0000 1.0000 1.0000 1.0000 1.0000
        1.0000 1.0000 1.0000 1.0000 1.0000 1.0000 1.0000 1.0000 1.0000 1.0000 1.0000 1.0000
        1.0000 1.0000 1.0000 1.0000 1.0000 1.0000 1.0000 1.0000 1.0000 1.0000 1.0000 1.0000
   2027 1.0000 1.0000 1.0000 1.0000 1.0000 1.0000 1.0000 1.0000 1.0000 1.0000 1.0000 1.0000
        1.0000 1.0000 1.0000 1.0000 1.0000 1.0000 1.0000 1.0000 1.0000 1.0000 1.0000 1.0000
        1.0000 1.0000 1.0000 1.0000 1.0000 1.0000 1.0000 1.0000 1.0000 1.0000 1.0000 1.0000
   4  7
   2023 1.0000 1.0000 1.0000 1.0000 1.0000 1.0000 1.0000 1.0000 1.0000 1.0000 1.0000 1.0000
        1.0000 1.0000 1.0000 1.0000 1.0000 1.0000 1.0000 1.0000 1.0000 1.0000 1.0000 1.0000
        1.0000 1.0000 1.0000 1.0000 1.0000 1.0000 1.0000 1.0000 1.0000 1.0000 1.0000 1.0000
   2024 1.0000 1.0000 1.0000 1.0000 1.0000 1.0000 1.0000 1.0000 1.0000 1.0000 1.0000 1.0000
        1.0000 1.0000 1.0000 1.0000 1.0000 1.0000 1.0000 1.0000 1.0000 1.0000 1.0000 1.0000
        1.0000 1.0000 1.0000 1.0000 1.0000 1.0000 1.0000 1.0000 1.0000 1.0000 1.0000 1.0000
   2025 1.0000 1.0000 1.0000 1.0000 1.0000 1.0000 1.0000 1.0000 1.0000 1.0000 1.0000 1.0000
        1.0000 1.0000 1.0000 1.0000 1.0000 1.0000 1.0000 1.0000 1.0000 1.0000 1.0000 1.0000
        1.0000 1.0000 1.0000 1.0000 1.0000 1.0000 1.0000 1.0000 1.0000 1.0000 1.0000 1.0000
   2026 1.0000 1.0000 1.0000 1.0000 1.0000 1.0000 1.0000 1.0000 1.0000 1.0000 1.0000 1.0000
        1.0000 1.0000 1.0000 1.0000 1.0000 1.0000 1.0000 1.0000 1.0000 1.0000 1.0000 1.0000
        1.0000 1.0000 1.0000 1.0000 1.0000 1.0000 1.0000 1.0000 1.0000 1.0000 1.0000 1.0000
   2027 1.0000 1.0000 1.0000 1.0000 1.0000 1.0000 1.0000 1.0000 1.0000 1.0000 1.0000 1.0000
        1.0000 1.0000 1.0000 1.0000 1.0000 1.0000 1.0000 1.0000 1.0000 1.0000 1.0000 1.0000
        1.0000 1.0000 1.0000 1.0000 1.0000 1.0000 1.0000 1.0000 1.0000 1.0000 1.0000 1.0000
   4  8
   2023 1.0000 1.0000 1.0000 1.0000 1.0000 1.0000 1.0000 1.0000 1.0000 1.0000 1.0063 1.0416
        1.0000 1.0000 1.0000 1.0000 1.0000 1.0000 1.0000 1.0000 1.0000 1.0000 1.4694 1.4151
        1.0000 1.0000 1.0000 1.0000 1.0000 1.0000 1.0000 1.0000 1.0000 1.0000 0.7420 0.7604
   2024 1.0748 1.0754 1.0719 0.7925 0.5356 0.5403 0.5497 0.5468 0.7956 0.7722 1.0063 1.0415
        1.4972 1.4860 1.3998 1.7633 1.7821 1.7413 1.8422 1.7969 1.7128 1.7975 1.4694 1.4700
        0.6721 0.6874 0.7536 0.6361 0.6988 0.7257 0.6257 0.6722 0.6809 0.6212 0.7420 0.7195
   2025 1.0748 1.0745 1.0719 0.7914 0.5356 0.5403 0.5497 0.5467 0.7957 0.7722 1.0063 1.0414
        1.4972 1.5256 1.3998 1.6654 1.7821 1.7413 1.8422 1.7525 1.7598 1.7975 1.4694 1.5239
        0.6721 0.6536 0.7536 0.7230 0.6988 0.7257 0.6257 0.7128 0.6366 0.6212 0.7420 0.6759
   2026 1.0750 1.0757 1.0709 0.7914 0.5357 0.5407 0.5497 0.5467 0.7956 0.7725 1.0063 1.0414
        1.4445 1.4679 1.5065 1.6654 1.7357 1.7887 1.8422 1.7525 1.7128 1.7055 1.4694 1.5239
        0.7158 0.7020 0.6690 0.7230 0.7373 0.6841 0.6257 0.7128 0.6809 0.7050 0.7420 0.6759
   2027 1.0752 1.0757 1.0709 0.7920 0.5357 0.5411 0.5496 0.5468 0.7956 0.7727 1.0063 1.0413
        1.3907 1.4679 1.5065 1.7153 1.7357 1.8342 1.7997 1.7969 1.7128 1.6569 1.4694 1.5766
        0.7568 0.7020 0.6690 0.6812 0.7373 0.6395 0.6693 0.6722 0.6809 0.7431 0.7420 0.6296
