 PATAMAR DE DEFICIT
 NUMERO DE PATAMARES DE DEFICIT
 XXX
   1
 CUSTO DO DEFICIT
 NUM|NOME SSIS.|    CUSTO DE DEFICIT POR PATAMAR  | P.U. CORTE POR PATAMAR|
 XXX|XXXXXXXXXX| F|XXXX.XX XXXX.XX XXXX.XX XXXX.XX|X.XXX X.XXX X.XXX X.XXX|
 1   SUDESTE     0 8103.95 0000.00 0000.00 0000.00 1.000 0.000 0.000 0.000
 2   SUL         0 8103.95 0000.00 0000.00 0000.00 1.000 0.000 0.000 0.000
 3   NORDESTE    0 8103.95 0000.00 0000.00 0000.00 1.000 0.000 0.000 0.000
 4   NORTE       0 8103.95 0000.00 0000.00 0000.00 1.000 0.000 0.000 0.000
 11  NOFICT1     1
 999
 LIMITES DE INTERCAMBIO
 A   B   A->B    B->A
 XXX XXX XJAN. XXXFEV. XXXMAR. XXXABR. XXXMAI. XXXJUN. XXXJUL. XXXAGO. XXXSET. XXXOUT. XXXNOV. XXXDEZ.
   1   2               0
2023                                                                                    10915.  11499.
2024    11820.  11828.  11846.  11820.  11845.  11850.  11816.  11831.  11835.  11816.  12043.  12041.
2025    12033.  12032.  12048.  12050.  12047.  12050.  12031.  12047.  12033.  12031.  12043.  12033.
2026    12041.  12040.  12033.  12050.  12055.  12042.  12861.  12852.  12855.  12852.  12854.  12860.
2027    12851.  12856.  12860.  12855.  12847.  12860.  12856.  12856.  12855.  13336.  13368.  13413.
  
2023                                                                                     6291.   7000.
2024     6773.   6796.   6846.   6775.   6846.   6859.   6767.   6807.   6816.   6765.   6822.   6809.
2025     6773.   6767.   6846.   6857.   6846.   6859.   6767.   6846.   6775.   6765.   6822.   6773.
2026     6809.   6808.   6773.   6857.   6886.   6818.   6967.   7046.   7016.   7044.   7022.   6973.
2027     7046.   7008.   6973.   7016.   7086.   6978.   7007.   7007.   7016.   7084.   7022.   6936.
   1  11               0
2023                                                                                     5000.   5000.
2024     5000.   5000.   5000.   5000.   5000.   5000.   5000.   5000.   5000.   5000.   5000.   5000.
2025     5000.   5000.   5000.   5000.   5000.   5000.   5000.   5000.   5000.   5000.   5000.   5000.
2026     5000.   5000.   5000.   5000.   5000.   5000.   5000.   5000.   5000.   5000.   5000.   5000.
2027     5000.   5000.   5000.   5000.   5000.   5000.   5000.   5000.   5000.   5000.   5000.   5000.
  
2023                                                                                     2159.   2159.
2024     4466.   4464.   4460.   4466.   4860.   4859.   4867.   4863.   4862.   4867.   4462.   4463.
2025     4466.   4466.   4460.   4459.   4860.   4859.   4867.   4860.   4866.   4867.   4462.   4466.
2026     4463.   4463.   4466.   4459.   4857.   4862.   4867.   4860.   4862.   4860.   4462.   4466.
2027     4460.   4463.   4466.   4462.   4857.   4866.   4863.   4863.   4862.   4857.   4462.   4469.
   3  11               0
2023                                                                                     4800.   4800.
2024     6400.   6400.   6400.   6400.   6400.   6739.   6743.   6741.   6747.   6749.   6750.   6751.
2025     6753.   6754.   6748.   6744.   6740.   6739.   7000.   7000.   7000.   7000.   7000.   7000.
2026     7000.   7000.   7000.   7000.   7000.   7000.   7000.   7000.   7000.   7000.   7000.   7000.
2027     7000.   7000.   7000.   7000.   7000.   7000.   7000.   7000.   7000.   7000.   7000.   7000.
  
2023                                                                                     7800.   7800.
2024     7800.   7800.   7800.   7800.   7800.   7800.   7800.   7800.   7800.   7800.   7800.   7800.
2025     7800.   7800.   7800.   7800.   7800.   7800.   7800.   7800.   7800.   7800.   7800.   7800.
2026     7800.   7800.   7800.   7800.   7800.   7800.   7800.   7800.   7800.   7800.   7800.   7800.
2027     7800.   7800.   7800.   7800.   7800.   7800.   7800.   7800.   7800.   7800.   7800.   7800.
   4  11               0
2023                                                                                    99999.  99999.
2024    99999.  99999.  99999.  99999.  99999.  99999.  99999.  99999.  99999.  99999.  99999.  99999.
2025    99999.  99999.  99999.  99999.  99999.  99999.  99999.  99999.  99999.  99999.  99999.  99999.
2026    99999.  99999.  99999.  99999.  99999.  99999.  99999.  99999.  99999.  99999.  99999.  99999.
2027    99999.  99999.  99999.  99999.  99999.  99999.  99999.  99999.  99999.  99999.  99999.  99999.
  
2023                                                                                    99999.  99999.
2024    99999.  99999.  99999.  99999.  99999.  99999.  99999.  99999.  99999.  99999.  99999.  99999.
2025    99999.  99999.  99999.  99999.  99999.  99999.  99999.  99999.  99999.  99999.  99999.  99999.
2026    99999.  99999.  99999.  99999.  99999.  99999.  99999.  99999.  99999.  99999.  99999.  99999.
2027    99999.  99999.  99999.  99999.  99999.  99999.  99999.  99999.  99999.  99999.  99999.  99999.
   1   3               0
2023                                                                                     4700.   4700.
2024     4700.   4700.   4700.   4700.   4700.   6000.   6000.   6000.   6000.   6000.   6000.   6000.
2025     6000.   6000.   6000.   6000.   6000.   6000.   6000.   6000.   6000.   6000.   6000.   6000.
2026     6000.   6000.   6000.   6000.   6000.   6000.   6000.   6000.   6000.   6000.   6000.   6000.
2027     6000.   6000.   6000.   6000.   6000.   6000.   6000.   6000.   6000.   6000.   6000.   6000.
  
2023                                                                                     6000.   6000.
2024     7200.   7200.   7200.   7200.   7200.   7978.   7987.   7983.   7993.   7999.   8000.   8002.
2025     8006.   8007.   7997.   7989.   7979.   7978.   9036.   9038.   9042.   9042.   9047.   9046.
2026     9047.   9047.   9046.   9044.   9040.   9038.   9036.   9038.   9043.   9044.   9047.   9046.
2027     9048.   9047.   9046.   9043.   9040.   9036.   9037.   9037.   9043.   9645.   9647.   9646.
   1   4               0
2023                                                                                     2925.   4200.
2024     4200.   4200.   4200.   4200.   4200.   4200.   4200.   4200.   4200.   4200.   4200.   4200.
2025     4200.   4200.   4200.   4200.   4200.   4200.   4200.   4200.   4200.   4200.   4200.   4200.
2026     4200.   4200.   4200.   4200.   4200.   4200.   4200.   4200.   4200.   4200.   4200.   4200.
2027     4200.   4200.   4200.   4200.   4200.   4200.   4200.   4200.   4200.   4200.   4200.   4200.
  
2023                                                                                     3250.   4000.
2024     8000.   8000.   8000.   8000.   8000.   8000.   6608.   5604.   5617.   5624.   6625.   7627.
2025     8000.   8000.   8000.   8000.   8000.   8000.   6608.   5599.   5622.   5624.   6625.   7633.
2026     8000.   8000.   8000.   8000.   8000.   8000.   6608.   5599.   5617.   5613.   6625.   7633.
2027     8000.   8000.   8000.   8000.   8000.   8000.   6604.   5604.   5617.   5608.   6625.   7639.
 999
 MERCADO DE ENERGIA TOTAL
 XXX
       XXXJAN. XXXFEV. XXXMAR. XXXABR. XXXMAI. XXXJUN. XXXJUL. XXXAGO. XXXSET. XXXOUT. XXXNOV. XXXDEZ.
   1
2023                                                                                    41426.  41468.
2024    43599.  43621.  43962.  41220.  39672.  39098.  38984.  39577.  41656.  42293.  41776.  41895.
2025    45067.  45774.  44829.  42613.  41011.  40418.  40302.  40921.  43063.  43720.  43183.  43309.
2026    46499.  46532.  46889.  43973.  42317.  41705.  41587.  42232.  44437.  45112.  44557.  44688.
2027    47994.  48032.  48396.  45391.  43680.  43048.  42928.  43601.  45869.  46564.  45990.  46128.
POS     47994.  48032.  48396.  45391.  43680.  43048.  42928.  43601.  45869.  46564.  45990.  46128.
   2
2023                                                                                    12150.  12440.
2024    13528.  13593.  13109.  12025.  11653.  11838.  11903.  11824.  11874.  12146.  12602.  12902.
2025    14007.  14292.  13377.  12450.  12063.  12251.  12320.  12242.  12292.  12576.  13050.  13361.
2026    14509.  14578.  14061.  12897.  12492.  12684.  12757.  12681.  12731.  13027.  13520.  13842.
2027    15048.  15120.  14583.  13377.  12953.  13149.  13226.  13152.  13202.  13511.  14025.  14358.
POS     15048.  15120.  14583.  13377.  12953.  13149.  13226.  13152.  13202.  13511.  14025.  14358.
   3
2023                                                                                    12388.  12164.
2024    12325.  12412.  12118.  11802.  11640.  11318.  11378.  11641.  12114.  12747.  12715.  12644.
2025    12782.  13068.  12391.  12239.  12070.  11736.  11799.  12074.  12566.  13220.  13187.  13113.
2026    13325.  13420.  13104.  12759.  12582.  12234.  12300.  12589.  13102.  13783.  13749.  13670.
2027    13840.  13939.  13612.  13252.  13068.  12705.  12775.  13077.  13611.  14316.  14281.  14199.
POS     13840.  13939.  13612.  13252.  13068.  12705.  12775.  13077.  13611.  14316.  14281.  14199.
   4
2023                                                                                     7390.   7194.
2024     6995.   7175.   7150.   7064.   7140.   7152.   7161.   7459.   7613.   7589.   7475.   7310.
2025     7266.   7448.   7419.   7326.   7401.   7410.   7417.   7723.   7879.   7850.   7727.   7571.
2026     7698.   7892.   7861.   7762.   7843.   7853.   7860.   8187.   8353.   8321.   8190.   8023.
2027     7918.   8119.   8087.   7985.   8068.   8079.   8087.   8424.   8596.   8562.   8426.   8254.
POS      7918.   8119.   8087.   7985.   8068.   8079.   8087.   8424.   8596.   8562.   8426.   8254.
 999
 GERACAO DE USINAS NAO SIMULADAS
 XXX  XBL  XXXXXXXXXXXXXXXXXXXX  XTE
       XXXJAN. XXXFEV. XXXMAR. XXXABR. XXXMAI. XXXJUN. XXXJUL. XXXAGO. XXXSET. XXXOUT. XXXNOV. XXXDEZ.
   1    1  PCH
2023                                                                                     2117.   2606.
2024     2693.   2981.   3008.   2690.   2221.   1871.   1589.   1451.   1348.   1638.   2134.   2632.
2025     2726.   3010.   3036.   2715.   2247.   1894.   1607.   1466.   1361.   1652.   2157.   2661.
2026     2747.   3033.   3069.   2762.   2281.   1929.   1636.   1492.   1384.   1677.   2186.   2691.
2027     2802.   3093.   3120.   2791.   2307.   1948.   1650.   1506.   1396.   1691.   2206.   2715.
   1    2  PCT
2023                                                                                     2871.   1415.
2024      880.    937.   1342.   2910.   4052.   4435.   4660.   4513.   4257.   3901.   3050.   1496.
2025      924.    983.   1418.   3106.   4376.   4767.   5009.   4809.   4530.   4022.   3148.   1535.
2026      947.   1004.   1442.   3149.   4394.   4775.   5036.   4835.   4558.   4049.   3170.   1547.
2027      951.   1008.   1449.   3163.   4414.   4796.   5045.   4841.   4565.   4056.   3174.   1548.
   1    3  EOL
2023                                                                                        7.      8.
2024       10.      6.      5.      3.      3.      4.      5.      8.      9.      9.      7.      8.
2025       10.      6.      5.      3.      3.      4.      5.      8.      9.      9.      7.      8.
2026       10.      6.      5.      3.      3.      4.      5.      8.      9.      9.      7.      8.
2027       10.      6.      5.      3.      3.      4.      5.      8.      9.      9.      7.      8.
   1    4  UFV
2023                                                                                      980.    944.
2024     1072.   1000.   1108.   1066.   1028.    987.   1200.   1283.   1466.   1491.   1459.   1420.
2025     1633.   1683.   1773.   1668.   1549.   1460.   1571.   1559.   1728.   1722.   1653.   1606.
2026     1803.   1669.   1799.   1668.   1540.   1468.   1571.   1559.   1720.   1708.   1653.   1606.
2027     1790.   1669.   1799.   1698.   1560.   1496.   1581.   1590.   1742.   1723.   1674.   1635.
   1    5  PCH MMGD
2023                                                                                     26.99   33.58
2024     33.24   33.84   35.62   35.62   32.06   29.09   24.93   21.37   20.18   20.18   26.71   33.24
2025     33.24   33.84   35.62   35.62   32.06   29.09   24.93   21.37   20.18   20.18   26.71   33.24
2026     33.24   33.84   35.62   35.62   32.06   29.09   24.93   21.37   20.18   20.18   26.71   33.24
2027     33.24   33.84   35.62   35.62   32.06   29.09   24.93   21.37   20.18   20.18   26.71   33.24
   1    6  PCT MMGD
2023                                                                                      75.2    75.2
2024      72.3    72.3    72.3    72.3    72.3    72.3    72.3    72.3    72.3    72.3    72.3    72.3
2025      72.3    72.3    72.3    72.3    72.3    72.3    72.3    72.3    72.3    72.3    72.3    72.3
2026      72.3    72.3    72.3    72.3    72.3    72.3    72.3    72.3    72.3    72.3    72.3    72.3
2027      72.3    72.3    72.3    72.3    72.3    72.3    72.3    72.3    72.3    72.3    72.3    72.3
   1    7  EOL MMGD
2023                                                                                      0.04    0.04
2024      0.04    0.04    0.04    0.03    0.04    0.04    0.04    0.05    0.05    0.04    0.04    0.04
2025      0.04    0.04    0.04    0.03    0.04    0.04    0.04    0.05    0.05    0.04    0.04    0.04
2026      0.04    0.04    0.04    0.03    0.04    0.04    0.04    0.05    0.05    0.04    0.04    0.04
2027      0.04    0.04    0.04    0.03    0.04    0.04    0.04    0.05    0.05    0.04    0.04    0.04
   1    8  UFV MMGD
2023                                                                                    1833.1  1899.1
2024    1800.3  1938.7  1844.6  1856.5  1727.8  1698.5  1751.0  1990.1  1875.6  1840.7  1754.9  1817.8
2025    1800.3  1938.8  1844.6  1856.6  1727.8  1698.5  1751.0  1990.2  1875.7  1840.7  1754.9  1817.8
2026    1800.3  1938.7  1844.7  1856.6  1727.8  1698.3  1751.0  1990.2  1875.6  1840.8  1754.9  1817.8
2027    1800.3  1938.7  1844.7  1856.4  1727.8  1698.3  1751.0  1990.1  1875.6  1840.7  1754.9  1817.8
   2    1  PCH
2023                                                                                      959.    821.
2024      916.    829.    839.    865.    940.   1232.   1038.    946.    986.   1224.    985.    845.
2025      949.    860.    873.    894.    973.   1309.   1102.   1001.   1042.   1291.   1035.    889.
2026      991.    897.    921.    941.   1035.   1362.   1147.   1041.   1083.   1341.   1077.    926.
2027     1057.    951.    964.    985.   1066.   1398.   1177.   1069.   1111.   1375.   1106.    951.
   2    2  PCT
2023                                                                                      539.    413.
2024      375.    395.    445.    553.    580.    565.    571.    598.    574.    526.    542.    416.
2025      375.    395.    445.    553.    580.    565.    571.    598.    574.    526.    542.    416.
2026      375.    395.    444.    553.    580.    565.    571.    598.    574.    526.    542.    416.
2027      375.    395.    444.    553.    580.    565.    571.    598.    574.    526.    542.    416.
   2    3  EOL
2023                                                                                      797.    722.
2024      657.    596.    592.    623.    647.    689.    735.    716.    789.    802.    815.    754.
2025      722.    668.    681.    713.    744.    793.    845.    824.    906.    912.    915.    831.
2026      755.    684.    684.    713.    745.    793.    845.    824.    906.    910.    915.    831.
2027      754.    684.    684.    715.    745.    793.    846.    823.    906.    909.    915.    832.
   2    4  UFV
2023                                                                                        3.      3.
2024        3.      3.      2.      2.      2.      2.      2.      2.      2.      3.      3.      3.
2025        3.      3.      2.      2.      2.      2.      2.      2.      2.      3.      3.      3.
2026        3.      3.      2.      2.      2.      2.      2.      2.      2.      3.      3.      3.
2027        3.      3.      2.      2.      2.      2.      2.      2.      2.      3.      3.      3.
   2    5  PCH MMGD
2023                                                                                      5.24    4.96
2024      5.34    4.67    4.77    4.57    4.38    5.62    6.10    5.43    5.53    5.91    5.24    4.96
2025      5.34    4.67    4.77    4.57    4.38    5.62    6.10    5.43    5.53    5.91    5.24    4.96
2026      5.34    4.67    4.77    4.57    4.38    5.62    6.10    5.43    5.53    5.91    5.24    4.96
2027      5.34    4.67    4.77    4.57    4.38    5.62    6.10    5.43    5.53    5.91    5.24    4.96
   2    6  PCT MMGD
2023                                                                                     35.46   35.46
2024     34.22   34.22   34.22   34.22   34.22   34.22   34.22   34.22   34.22   34.22   34.22   34.22
2025     34.22   34.22   34.22   34.22   34.22   34.22   34.22   34.22   34.22   34.22   34.22   34.22
2026     34.22   34.22   34.22   34.22   34.22   34.22   34.22   34.22   34.22   34.22   34.22   34.22
2027     34.22   34.22   34.22   34.22   34.22   34.22   34.22   34.22   34.22   34.22   34.22   34.22
   2    7  EOL MMGD
2023                                                                                      0.16    0.16
2024      0.15    0.14    0.14    0.12    0.14    0.16    0.17    0.18    0.18    0.16    0.16    0.16
2025      0.15    0.14    0.14    0.12    0.14    0.16    0.17    0.18    0.18    0.16    0.16    0.16
2026      0.15    0.14    0.14    0.12    0.14    0.16    0.17    0.18    0.18    0.16    0.16    0.16
2027      0.15    0.14    0.14    0.12    0.14    0.16    0.17    0.18    0.18    0.16    0.16    0.16
   2    8  UFV MMGD
2023                                                                                    1021.0  1038.3
2024     983.3   992.7   964.1   883.8   750.7   677.6   719.1   852.5   805.4   883.2   985.9  1002.7
2025     983.3   992.8   964.1   883.8   750.7   677.6   719.1   852.5   805.4   883.2   985.9  1002.8
2026     983.3   992.7   964.1   883.8   750.7   677.6   719.1   852.5   805.4   883.2   985.9  1002.8
2027     983.3   992.7   964.1   883.8   750.7   677.6   719.1   852.5   805.4   883.2   985.9  1002.8
   3    1  PCH
2023                                                                                       87.     99.
2024       75.     80.     83.     84.     78.     74.     73.     77.     68.     64.     94.    107.
2025       81.     87.     90.     92.     85.     81.     80.     85.     75.     71.     94.    107.
2026       81.     87.     90.     92.     85.     81.     80.     85.     75.     71.     94.    107.
2027       81.     87.     90.     92.     85.     81.     80.     85.     75.     70.     94.    107.
   3    2  PCT
2023                                                                                      453.    452.
2024      474.    417.    398.    349.    346.    344.    341.    379.    446.    472.    461.    460.
2025      482.    419.    400.    350.    346.    344.    341.    380.    446.    472.    461.    460.
2026      482.    419.    400.    350.    346.    344.    341.    380.    446.    473.    461.    460.
2027      483.    419.    400.    350.    346.    344.    341.    379.    446.    473.    461.    460.
   3    3  EOL
2023                                                                                    10037.   9671.
2024     9075.   7802.   7984.   8815.  10768.  12649.  15321.  17435.  17202.  15391.  11983.  11368.
2025    10304.   8783.   9107.   9980.  12218.  14147.  16820.  18936.  18446.  16513.  12797.  11985.
2026    10846.   9126.   9222.  10116.  12281.  14165.  16869.  18991.  18514.  16593.  12834.  12020.
2027    10854.   9126.   9222.  10104.  12281.  14141.  16892.  18972.  18514.  16609.  12834.  12012.
   3    4  UFV
2023                                                                                     1404.   1452.
2024     1519.   1610.   1595.   1688.   1645.   1687.   1925.   2112.   2470.   2260.   2077.   2163.
2025     2136.   2205.   2111.   2241.   2124.   2136.   2113.   2276.   2596.   2365.   2240.   2331.
2026     2562.   2641.   2568.   2636.   2490.   2525.   2488.   2684.   3045.   2772.   2553.   2655.
2027     2584.   2679.   2605.   2670.   2513.   2557.   2497.   2721.   3072.   2791.   2575.   2690.
   3    5  PCH MMGD
2023                                                                                      0.07    0.08
2024      0.07    0.07    0.06    0.06    0.06    0.09    0.09    0.09    0.07    0.07    0.07    0.08
2025      0.07    0.07    0.06    0.06    0.06    0.09    0.09    0.09    0.07    0.07    0.07    0.08
2026      0.07    0.07    0.06    0.06    0.06    0.09    0.09    0.09    0.07    0.07    0.07    0.08
2027      0.07    0.07    0.06    0.06    0.06    0.09    0.09    0.09    0.07    0.07    0.07    0.08
   3    6  PCT MMGD
2023                                                                                      8.70    8.70
2024      7.65    7.65    7.65    7.65    7.65    7.65    7.65    7.65    7.65    7.65    7.65    7.65
2025      7.65    7.65    7.65    7.65    7.65    7.65    7.65    7.65    7.65    7.65    7.65    7.65
2026      7.65    7.65    7.65    7.65    7.65    7.65    7.65    7.65    7.65    7.65    7.65    7.65
2027      7.65    7.65    7.65    7.65    7.65    7.65    7.65    7.65    7.65    7.65    7.65    7.65
   3    7  EOL MMGD
2023                                                                                      8.20    7.03
2024      6.53    6.53    5.36    6.19    7.53    8.70    9.37   10.04   10.21    9.04    8.20    7.03
2025      6.53    6.53    5.36    6.19    7.53    8.70    9.37   10.04   10.21    9.04    8.20    7.03
2026      6.53    6.53    5.36    6.19    7.53    8.70    9.37   10.04   10.21    9.04    8.20    7.03
2027      6.53    6.53    5.36    6.19    7.53    8.70    9.37   10.04   10.21    9.04    8.20    7.03
   3    8  UFV MMGD
2023                                                                                     764.6   740.6
2024     691.9   706.1   713.7   661.1   622.9   597.6   622.4   694.3   738.2   736.1   729.7   707.5
2025     691.9   706.2   713.7   661.1   622.9   597.6   622.4   694.3   738.2   736.1   729.7   707.5
2026     691.9   706.2   713.7   661.1   622.9   597.6   622.4   694.3   738.2   736.2   729.7   707.5
2027     691.9   706.2   713.7   661.1   622.9   597.5   622.4   694.3   738.2   736.2   729.7   707.5
   4    1  PCH
2023                                                                                      126.    146.
2024      150.    164.    167.    152.    132.    117.    107.    100.     98.    107.    126.    146.
2025      150.    164.    167.    152.    132.    117.    107.    100.     98.    111.    131.    151.
2026      159.    174.    177.    162.    140.    124.    113.    106.    103.    113.    133.    154.
2027      159.    174.    177.    162.    140.    124.    113.    106.    103.    113.    133.    154.
   4    2  PCT
2023                                                                                      205.    180.
2024      180.    201.    199.    201.    213.    201.    203.    212.    210.    174.    205.    180.
2025      180.    201.    199.    201.    213.    201.    203.    212.    210.    174.    205.    180.
2026      180.    201.    199.    201.    213.    201.    203.    212.    210.    174.    205.    180.
2027      180.    201.    199.    201.    213.    201.    203.    212.    210.    174.    205.    180.
   4    3  EOL
2023                                                                                      285.    275.
2024      173.    143.     90.     91.     91.    130.    161.    254.    330.    316.    285.    275.
2025      173.    144.     90.     90.     91.    130.    161.    254.    330.    316.    285.    275.
2026      173.    143.     91.     90.     90.    131.    161.    254.    330.    316.    285.    275.
2027      172.    143.     91.     90.     90.    131.    161.    254.    330.    316.    285.    275.
   4    4  UFV
2023                                                                                        1.      1.
2024        1.      1.      1.      1.      1.      1.      1.      1.      1.      1.      1.      1.
2025        1.      1.      1.      1.      1.      1.      1.      1.      1.      1.      1.      1.
2026        1.      1.      1.      1.      1.      1.      1.      1.      1.      1.      1.      1.
2027        1.      1.      1.      1.      1.      1.      1.      1.      1.      1.      1.      1.
   4    5  PCH MMGD
2023                                                                                      0.00    0.00
2024      0.00    0.00    0.00    0.00    0.00    0.00    0.00    0.00    0.00    0.00    0.00    0.00
2025      0.00    0.00    0.00    0.00    0.00    0.00    0.00    0.00    0.00    0.00    0.00    0.00
2026      0.00    0.00    0.00    0.00    0.00    0.00    0.00    0.00    0.00    0.00    0.00    0.00
2027      0.00    0.00    0.00    0.00    0.00    0.00    0.00    0.00    0.00    0.00    0.00    0.00
   4    6  PCT MMGD
2023                                                                                      2.29    2.29
2024      2.29    2.29    2.29    2.29    2.29    2.29    2.29    2.29    2.29    2.29    2.29    2.29
2025      2.29    2.29    2.29    2.29    2.29    2.29    2.29    2.29    2.29    2.29    2.29    2.29
2026      2.29    2.29    2.29    2.29    2.29    2.29    2.29    2.29    2.29    2.29    2.29    2.29
2027      2.29    2.29    2.29    2.29    2.29    2.29    2.29    2.29    2.29    2.29    2.29    2.29
   4    7  EOL MMGD
2023                                                                                      0.01    0.01
2024      0.01    0.01    0.01    0.00    0.01    0.01    0.01    0.01    0.01    0.01    0.01    0.01
2025      0.01    0.01    0.01    0.00    0.01    0.01    0.01    0.01    0.01    0.01    0.01    0.01
2026      0.01    0.01    0.01    0.00    0.01    0.01    0.01    0.01    0.01    0.01    0.01    0.01
2027      0.01    0.01    0.01    0.00    0.01    0.01    0.01    0.01    0.01    0.01    0.01    0.01
   4    8  UFV MMGD
2023                                                                                     258.3   243.7
2024     223.4   228.2   229.4   230.5   234.3   246.1   252.2   273.7   268.9   254.3   244.0   230.3
2025     223.4   228.2   229.4   230.5   234.3   246.1   252.2   273.7   268.9   254.3   244.0   230.3
2026     223.4   228.2   229.4   230.5   234.4   246.1   252.2   273.7   268.9   254.3   244.0   230.3
2027     223.4   228.2   229.4   230.5   234.4   246.1   252.2   273.7   268.9   254.3   244.0   230.3
 999
